{"metadata": {"episode_id": 17, "frame_id": 0, "timestamp": 0.0, "transformation_progress": 0.0, "start_formation": "bee_swarm", "target_formation": "line", "current_formation": "bee_swarm_to_line"}, "node_features": {"positions": [[413.3200466702547, 402.08961307401967], [487.68314263090787, 496.9855472356454], [547.7938747206098, 400.0837597349092], [528.0515275680256, 443.7891559836295], [536.5251637790764, 511.73734884928393], [357.76887807184545, 478.9625490290456], [389.9020406267145, 522.9450850861423], [486.71381875075457, 558.9847729935199], [456.6673477646152, 429.94800734916873], [545.6581766826386, 514.9495266850296], [532.5136201773413, 496.2417632802208], [419.19322553726386, 582.0433545639054], [405.1723590178285, 474.7631655536117], [513.0210220999323, 489.8615979437507], [492.4140939030419, 506.5686505519431]], "velocities": [[-6.8471035660329775, -0.18908727386326163], [-8.764661324728912, -18.298696705042115], [-11.397920347193994, 5.382862027424441], [9.290749019988542, -8.773937784837127], [1.2306798983825828, -3.1035123860485094], [6.04509615766771, -2.8619688080737724], [11.152766518438115, 2.910665317670708], [8.590540172328675, -8.092012616943707], [17.67669380373996, 7.258061493758406], [13.107654620033903, -1.4812531833080578], [9.99644882870183, -10.630452348431257], [11.369596543244537, -6.261356058514012], [19.446400998929086, -3.7658781307972253], [3.643390445908147, -10.33887589719587], [4.7671360236697655, 4.800580681185154]], "speeds": [6.8497139532332705, 20.28944526694404, 12.60507008498036, 12.778888903367564, 3.338616800808304, 6.688352040214101, 11.526325242950824, 11.801612120603224, 19.108766587049963, 13.191084892121513, 14.59230983487953, 12.979688179908186, 19.80768411266615, 10.962054951465644, 6.765438695660326], "headings": [-3.113984011995945, -2.0174848209942966, 2.7003765333840066, -0.7567970416792345, -1.193272615827705, -0.4421718394682502, 0.2552871553658397, -0.7555238842347552, 0.3896113108904316, -0.11252933082205895, -0.8161252207396081, -0.5033885273543685, -0.19128649449047053, -1.2319875560749416, 0.7888937227171491]}, "edge_features": {"distance_matrix": [[0.0, 51.591989808944206, 60.427002998030716, 58.757566920448674, 72.41188526949699, 41.4819549251299, 57.944808898298696, 73.33853706379465, 22.932867057263742, 76.73291226020156, 63.91673352452023, 75.20566503251716, 37.725667677496226, 58.518417949384855, 54.653093932449494], [57.95368676156043, 0.0, 53.93717891597788, 31.68866934996752, 23.452997206774004, 60.6793415635072, 43.15871960864465, 30.15377933925882, 37.13489781665113, 29.159070402975026, 21.093005263729292, 48.03645950720376, 40.033661241053736, 16.34193296535311, 11.562227481755436], [61.60820103371542, 52.63750955962716, 0.0, 21.589193726175612, 52.232121963717375, 87.16393180665554, 88.73768820857713, 78.24740922097695, 41.18911026923102, 54.768728614269996, 46.54839148941004, 97.87936570548423, 73.42332794141721, 43.331520819315, 55.02666596782804], [57.634061444853586, 30.726066686824836, 22.017444773611608, 0.0, 36.717875900046344, 74.19966252780398, 68.00667723683495, 54.952307439826924, 31.981338219108626, 33.837964431944194, 25.528531125130975, 78.41039714018332, 55.98429232855721, 28.80162724972104, 33.73077225698403], [68.35825559913138, 23.179101168925797, 51.50787205500914, 36.15266215150996, 0.0, 76.89436953636219, 66.62557000586777, 32.836950061353875, 54.96042718267448, 11.210652033284543, 11.603360792641313, 60.348491667716466, 62.21788561125414, 21.431744475481832, 22.250592108194574], [43.51077983455106, 62.010117697271795, 88.15177750830063, 76.75450614660316, 76.10440293551079, 0.0, 31.73191939028627, 64.02391651372652, 50.33212340847133, 79.78065611820342, 73.33365297330691, 54.241163693213615, 21.663936815670386, 65.54813274552266, 63.98188144791371], [58.67261560836024, 42.91090671599654, 85.40772936091938, 70.45508776625832, 66.36311674495438, 30.458833737719313, 0.0, 45.16743403695944, 53.741440188916854, 67.42647700380353, 66.0246535254841, 31.48791251332996, 25.292062610145145, 56.890756558125645, 49.08484334285322], [73.2100301084243, 32.871014442822926, 73.98941556622168, 57.83969570401151, 36.43593748105754, 68.32504762587492, 48.42779117388112, 0.0, 62.12123310354369, 34.93119220457964, 33.96429453217893, 32.28653948501612, 52.34005284654355, 32.80455348777436, 24.3518772681975], [24.44291638038761, 37.220740055479716, 45.61960270353787, 38.49521623974452, 49.25158173090263, 51.94184154564333, 52.572769446276716, 58.3463269233152, 0.0, 57.12857247119428, 44.592550039825404, 70.80338956601527, 29.808846615461345, 36.920181175115644, 42.25341538907913], [76.09105017806553, 30.098416725952955, 48.57549836853047, 33.470275459993445, 8.63063532391394, 86.17854708717998, 66.0946783555957, 36.31508981171919, 54.06198100489614, 0.0, 11.458208832364354, 62.47357423618002, 68.32079058474955, 24.83106258183416, 31.181911444345015], [70.9972185966884, 22.559918878656433, 48.22260534668831, 24.64524992903012, 10.989138263312896, 73.02104596543792, 63.569410083627915, 37.00161107825325, 43.44841007540265, 19.033496270314405, 0.0, 65.64912625473056, 61.94668165706617, 14.322630368904823, 23.98084167127957], [79.25001321964162, 53.47778117289301, 93.44310969818048, 73.59599494031426, 59.9459160575059, 50.38611330779249, 36.79084286793972, 32.31656987272481, 67.61819093353427, 62.60588718129422, 60.70070279925251, 0.0, 46.07763248688294, 60.00249016928512, 49.253924575883154], [39.2844554503517, 36.99620737035364, 73.70485341689708, 59.181973898209726, 57.319609071768205, 28.920464092296875, 22.807388114663755, 53.319755064811595, 33.62349828995903, 64.62190111486431, 60.97680916801252, 46.43676368448011, 0.0, 50.70122502839866, 41.24474881597688], [59.25514279256321, 20.891324361263393, 47.301710654089355, 23.125826256275086, 21.344268632897993, 64.78562863579594, 56.07942770725999, 32.57982668417465, 35.338580501185184, 22.683745002839398, 13.367105569424284, 59.046701663665566, 52.370483595896246, 0.0, 15.378697594948719], [59.61598805665101, 11.52865922354978, 51.882869879125195, 33.398254889914796, 24.895584136696474, 64.06016103742544, 48.6451018794997, 27.840553749134433, 42.420025320659434, 29.4729408273752, 20.792230332944783, 49.97215620617135, 47.02141334828349, 12.83255899910634, 0.0]], "adjacency_matrix": [[0, 0, 0, 0, 0, 1, 0, 0, 1, 0, 0, 0, 1, 0, 0], [0, 0, 0, 1, 1, 0, 1, 1, 1, 1, 1, 1, 1, 1, 1], [0, 0, 0, 1, 0, 0, 0, 0, 1, 0, 1, 0, 0, 1, 0], [0, 1, 1, 0, 1, 0, 0, 0, 1, 1, 1, 0, 0, 1, 1], [0, 1, 0, 1, 0, 0, 0, 1, 0, 1, 1, 0, 0, 1, 1], [1, 0, 0, 0, 0, 0, 1, 0, 0, 0, 0, 0, 1, 0, 0], [0, 1, 0, 0, 0, 1, 0, 1, 0, 0, 0, 1, 1, 0, 1], [0, 1, 0, 0, 1, 0, 1, 0, 0, 1, 1, 1, 0, 1, 1], [1, 1, 1, 1, 1, 0, 0, 0, 0, 0, 1, 0, 1, 1, 1], [0, 1, 1, 1, 1, 0, 0, 1, 0, 0, 1, 0, 0, 1, 1], [0, 1, 1, 1, 1, 0, 0, 1, 1, 1, 0, 0, 0, 1, 1], [0, 0, 0, 0, 0, 0, 1, 1, 0, 0, 0, 0, 1, 0, 1], [1, 1, 0, 0, 0, 1, 1, 0, 1, 0, 0, 1, 0, 0, 1], [0, 1, 1, 1, 1, 0, 0, 1, 1, 1, 1, 0, 0, 0, 1], [0, 1, 0, 1, 1, 0, 1, 1, 1, 1, 1, 1, 1, 1, 0]], "physical_distances": [[0.0, 120.5616371872119, 134.48878718366998, 122.07442233271449, 164.9306728369245, 94.84398038354574, 123.10340418659526, 173.2129815757754, 51.5274552423735, 173.92740081844272, 151.89382921580557, 180.0495579172926, 73.1288591739644, 132.83149411792925, 131.04097672093144], [120.5616371872119, 0.0, 114.03182245846004, 66.77920742767817, 51.021159146831295, 131.15847132487158, 101.16838199045118, 62.00680271841565, 73.86481764154635, 60.69439126440951, 44.83664719416048, 109.20485030888338, 85.4509430027919, 26.320311348848037, 10.687271359432316], [134.48878718366998, 114.03182245846004, 0.0, 47.957501314714065, 112.22079935736267, 205.74586934340056, 200.0618317935625, 170.23602806660463, 95.89534504149515, 114.88561974045645, 97.3645100882618, 222.81701263752382, 160.99040466684076, 96.27674440295681, 120.02479783660328], [122.07442233271449, 66.77920742767817, 47.957501314714065, 0.0, 68.4745166054161, 173.8773944415037, 159.21979102558046, 122.3880563966551, 72.71367492932022, 73.30615561742263, 52.64205811577409, 175.96690980435753, 126.72284455625626, 48.46221211206852, 72.1892763260516], [164.9306728369245, 51.021159146831295, 112.22079935736267, 68.4745166054161, 0.0, 181.73606461872632, 147.05085377007393, 68.65485548594394, 114.30996090289767, 9.681426090462553, 16.006425403467773, 136.7834718492146, 136.45750088957539, 32.10908210700226, 44.41285768442886], [94.84398038354574, 131.15847132487158, 205.74586934340056, 173.8773944415037, 181.73606461872632, 0.0, 54.47020849777839, 151.75755024020344, 110.37813462665551, 191.30460290664223, 175.59697075591671, 119.99417873908732, 47.58912509565528, 155.63424267352917, 137.44610211832853], [123.10340418659526, 101.16838199045118, 200.0618317935625, 159.21979102558046, 147.05085377007393, 54.47020849777839, 0.0, 103.30236922742644, 114.48171340801515, 155.96122233817331, 145.0900755303248, 65.95891879594677, 50.543842291670366, 127.4864726961388, 103.81189081690735], [173.2129815757754, 62.00680271841565, 170.23602806660463, 122.3880563966551, 68.65485548594394, 151.75755024020344, 103.30236922742644, 0.0, 132.4887818144469, 73.5767643312171, 77.68080251000188, 71.34934261743278, 117.2275087815927, 73.96000457690641, 52.72516504120353], [51.5274552423735, 73.86481764154635, 95.89534504149515, 72.71367492932022, 114.30996090289767, 110.37813462665551, 114.48171340801515, 132.4887818144469, 0.0, 123.0635036106222, 100.73489521685799, 156.64387789212117, 68.26516147289877, 82.25189936424668, 84.54911486403614], [173.92740081844272, 60.69439126440951, 114.88561974045645, 73.30615561742263, 9.681426090462553, 191.30460290664223, 155.96122233817331, 73.5767643312171, 123.0635036106222, 0.0, 22.863940546879803, 143.1606286925362, 146.12052759942728, 41.165374136316885, 53.89964226039615], [151.89382921580557, 44.83664719416048, 97.3645100882618, 52.64205811577409, 16.006425403467773, 175.59697075591671, 145.0900755303248, 77.68080251000188, 100.73489521685799, 22.863940546879803, 0.0, 142.1387523098305, 129.13995103761167, 20.51018989497908, 41.407929290729925], [180.0495579172926, 109.20485030888338, 222.81701263752382, 175.96690980435753, 136.7834718492146, 119.99417873908732, 65.95891879594677, 71.34934261743278, 156.64387789212117, 143.1606286925362, 142.1387523098305, 0.0, 108.19253048173037, 131.5337662403952, 105.1557250459142], [73.1288591739644, 85.4509430027919, 160.99040466684076, 126.72284455625626, 136.45750088957539, 47.58912509565528, 50.543842291670366, 117.2275087815927, 68.26516147289877, 146.12052759942728, 129.13995103761167, 108.19253048173037, 0.0, 108.90039848061505, 92.8585439351756], [132.83149411792925, 26.320311348848037, 96.27674440295681, 48.46221211206852, 32.10908210700226, 155.63424267352917, 127.4864726961388, 73.96000457690641, 82.25189936424668, 41.165374136316885, 20.51018989497908, 131.5337662403952, 108.90039848061505, 0.0, 26.528684410741278], [131.04097672093144, 10.687271359432316, 120.02479783660328, 72.1892763260516, 44.41285768442886, 137.44610211832853, 103.81189081690735, 52.72516504120353, 84.54911486403614, 53.89964226039615, 41.407929290729925, 105.1557250459142, 92.8585439351756, 26.528684410741278, 0.0]], "communication_quality": [[99999.99999999999, 0.019382850126050663, 0.01654889014673933, 0.01701908166420631, 0.013809885741538422, 0.024106861905044352, 0.017257798350446836, 0.013635394209952575, 0.04360551872767576, 0.013032215775765675, 0.01564535276451267, 0.013296868880807512, 0.026507144776792457, 0.017088634043022202, 0.018297222445700187], [0.017255154647240395, 99999.99999999999, 0.01854008375478702, 0.03155701091093356, 0.04263845532402203, 0.01648007063742922, 0.023170283487670147, 0.03316332779104638, 0.026928840242107836, 0.034294634336203986, 0.04740905875697915, 0.020817516571446523, 0.02497897317432431, 0.06119223412541096, 0.08648845014452818], [0.016231602626032182, 0.01899785568100738, 99999.99999999999, 0.04631944802982984, 0.019145303138203163, 0.01147263397309601, 0.01126916767267852, 0.012779974214560614, 0.02427825584677556, 0.018258591037542172, 0.021483014840531188, 0.010216656908488735, 0.013619647758290108, 0.02307788303556196, 0.018173003955111903], [0.017350847769913965, 0.03254564551773036, 0.0454185104628225, 99999.99999999999, 0.027234683465224716, 0.013477148428455417, 0.014704436293411493, 0.018197594689159474, 0.03126822525269611, 0.029552596359194775, 0.0391718428052112, 0.012753409100557082, 0.017862149895720086, 0.0347202484126032, 0.029646510785943832], [0.01462880883877643, 0.04314229276145033, 0.019414504345801383, 0.02766047267015735, 99999.99999999999, 0.013004851668347426, 0.015009250199576935, 0.030453488938426712, 0.018194906213650646, 0.08920079804662671, 0.08618185334852742, 0.01657041968508311, 0.016072546173019668, 0.046659735727376465, 0.04494260403100348], [0.022982805042208627, 0.016126398011658924, 0.011344069454131456, 0.013028549331090478, 0.013139842506207597, 99999.99999999999, 0.031513999281308075, 0.015619160748999099, 0.019868023313943044, 0.01253436513701697, 0.013636302339949866, 0.018436179232698184, 0.04615964064667388, 0.015255962382981568, 0.015629422284492458], [0.017043723365560624, 0.023304093142974387, 0.011708540788957786, 0.014193437121010006, 0.015068608865329427, 0.03283118717870535, 99999.99999999999, 0.022139840350092067, 0.01860761100574526, 0.014830966945431845, 0.015145855300179175, 0.03175820823290785, 0.03953808038645597, 0.017577544837232836, 0.02037288352508851], [0.013659328672938804, 0.030421929859211928, 0.013515444840222263, 0.017289161274737334, 0.027445423246366344, 0.014635918867067253, 0.020649295977933774, 99999.99999999999, 0.016097552947116657, 0.028627700648358886, 0.029442675590562028, 0.030972650095795785, 0.01910582344793723, 0.03048356367773895, 0.04106457906061171], [0.040911631628624254, 0.026866734241234827, 0.021920396529855862, 0.025977246990889137, 0.020303912317468427, 0.01925229791089101, 0.019021250360595526, 0.017139036531364487, 99999.99999999999, 0.017504372710529376, 0.022425265539966863, 0.01412361561915718, 0.033547076726227636, 0.027085450214949156, 0.02366672029052729], [0.01314214833726638, 0.033224327939298255, 0.0205865061136004, 0.029877247422800908, 0.11586619105169144, 0.011603814612356293, 0.015129808837586236, 0.02753675482608178, 0.018497283977377647, 99999.99999999999, 0.08727359938138433, 0.016006765294904832, 0.014636830825182372, 0.04027212262798414, 0.03206986464207627], [0.01408505683624169, 0.044326380875521425, 0.020737158132354903, 0.040575753831757363, 0.0909988632457062, 0.013694680072461793, 0.015730834081614447, 0.027025842945776347, 0.023015796621938103, 0.052538927184406864, 99999.99999999999, 0.015232492871190544, 0.016142912127348957, 0.0698195286792965, 0.04169993683742434], [0.012618292832905522, 0.01869935122726017, 0.010701697495010667, 0.013587694071315305, 0.016681700755455903, 0.019846734266324165, 0.02718066916223678, 0.03094386856339336, 0.014788917572399718, 0.015972936177309285, 0.01647427112276537, 99999.99999999999, 0.021702499217156626, 0.016665972204136476, 0.020302946528248385], [0.0254553546430157, 0.02702979036990238, 0.013567625712074064, 0.01689703409943056, 0.01744603359537211, 0.034577579773021616, 0.043845422216621084, 0.018754771308247015, 0.029741096359615433, 0.015474627456042231, 0.01639967472302301, 0.02153465714036493, 99999.99999999999, 0.019723385425224498, 0.02424550485218579], [0.016876169461594984, 0.047866736643409194, 0.02114087999700593, 0.04324167951888247, 0.04685096260216062, 0.015435519677774248, 0.017831847837349854, 0.030693830963423478, 0.028297676444295705, 0.04408441194479604, 0.07481045516561428, 0.016935744122315802, 0.01909472169035199, 99999.99999999999, 0.06502496999997967], [0.016774020944004573, 0.08674028030549141, 0.01927418066093792, 0.029941675212653573, 0.040167749944396196, 0.015610323603659701, 0.02055705005833126, 0.03591881288794269, 0.02357376632152353, 0.03392941568209639, 0.048094865391466506, 0.020011139718744155, 0.02126690195218229, 0.07792671912145105, 99999.99999999999]], "binary_threshold": 0.02}, "global_features": {"formation_type": "bee_swarm_to_line", "cluster_centroid": [474.1598892000567, 487.33025986092173], "cluster_radius": 72.89577079383774, "velocity_coherence": 0.5411012433862427, "connectivity_density": 0.6222222222222222}}
{"metadata": {"episode_id": 17, "frame_id": 1, "timestamp": 0.1, "transformation_progress": 0.0125, "start_formation": "bee_swarm", "target_formation": "line", "current_formation": "bee_swarm_to_line"}, "node_features": {"positions": [[412.9897054406675, 402.47393699181566], [486.4497001199554, 493.20150325162206], [546.1083869248228, 400.16660674940243], [529.2609684682727, 442.2814017763594], [536.9726093654373, 510.78855442217167], [359.4030702545975, 478.5537976105544], [392.71174475368485, 522.6355322951549], [488.75836851288125, 557.137346585319], [459.83105946886525, 430.6824696849769], [548.4116972198667, 514.2757572271188], [534.8301948516159, 493.8806626721143], [421.7251828690273, 580.5529790406255], [409.5478357282402, 474.18937238580025], [514.0755525845982, 487.6133361702735], [493.6362087279179, 507.2592485190675]], "velocities": [[-3.303412295872676, 3.8432391779600232], [-12.334425109524187, -37.84043984023348], [-16.854877957870208, 0.82847014493206], [12.094409002471213, -15.07754207270083], [4.474455863609526, -9.487944271122863], [16.341921827520352, -4.0875141849121945], [28.097041269703837, -3.095527909873286], [20.445497621266817, -18.474264082007696], [31.637117042500613, 7.344623358082039], [27.535205372281226, -6.737694579108094], [23.16574674274605, -23.611006081065174], [25.319573317634383, -14.903755232799199], [43.754767104116965, -5.737931678114809], [10.545304846658958, -22.48261773477229], [12.221148248760024, 6.905979671244151]], "speeds": [5.067841767017753, 39.799961433207315, 16.875226628277996, 19.328916267424834, 10.490083020039586, 16.845360822156483, 28.2670483275535, 27.555703699107138, 32.478464665574435, 28.347558327571132, 33.07765756986346, 29.38031165638398, 44.12939501373466, 24.83287245803164, 14.037414994855986], "headings": [2.2808020214400826, -1.8858952009893768, 3.0924790433136695, -0.8947474527956946, -1.1301307955794622, -0.24509578771819968, -0.10973019443945767, -0.7347927524174036, 0.22811140444902475, -0.23997840983154828, -0.7949166926704572, -0.5320141697487791, -0.13039435578340947, -1.132219927067348, 0.5143504815400008]}, "edge_features": {"distance_matrix": [[0.0, 54.48794007081338, 57.69644151436557, 52.51982104236166, 71.14367454926123, 40.38764833250065, 56.36974852192422, 77.63163164540873, 28.179926214182196, 76.00191372158409, 67.72591386564036, 81.72041861911563, 33.17688341710338, 62.20568774601918, 61.4984757807912], [54.586598072229144, 0.0, 52.42484941579852, 29.536965673049146, 29.37370962952613, 58.53093884751909, 45.570095536762615, 29.68351353552232, 32.21932217343996, 35.29242172730837, 27.232626433217746, 51.2007890438437, 39.84177158882073, 20.909334633028966, 13.33972316085519], [60.2602605078465, 46.86435457130452, 0.0, 26.801532668183764, 51.16532172933459, 87.27542728707714, 86.02743895797953, 74.03594779415147, 39.91277636422328, 55.50392234228047, 40.27269481409557, 92.23973697984479, 66.36306276651251, 41.338916912480244, 53.66307635137095], [57.51338471874272, 29.3652022515811, 21.01327057856215, 0.0, 37.146276212428646, 74.66416726588865, 66.43107902931497, 55.81491173647728, 37.43361131292583, 33.298493300075044, 31.18054272927699, 73.56649166716225, 55.5967314232926, 23.469961669015127, 33.565245486128134], [68.15306801462877, 25.038581144232523, 51.11932026502161, 30.120777034774996, 0.0, 77.81587072838768, 65.96299068238692, 33.732561098486514, 51.87813221967998, 9.37448909628851, 15.421025488927185, 62.51335772952024, 57.487624125188056, 22.16922944261691, 20.209373103000683], [41.56346122004314, 53.73389958028615, 89.19252230046719, 79.36681252373334, 74.29997967853687, 0.0, 26.042500242760294, 66.59320147246478, 47.371123087657026, 85.63261392711419, 76.80280670555823, 51.65623036342911, 27.740174589804578, 69.29781629244316, 64.75200093881126], [57.86144736341996, 47.04957761712846, 86.57303614185606, 69.98071845826819, 61.937722166829765, 28.636084853187977, 0.0, 43.46995996579637, 49.371189504803894, 68.78026514641313, 60.37142273641869, 34.990437255232045, 29.48747554797765, 56.194313287291585, 45.423630458254266], [75.277376227317, 29.992114494056533, 72.01273203765138, 56.031255001188455, 36.93766208316372, 65.51932029390501, 46.89297853140441, 0.0, 59.17096249398887, 39.11986897955722, 35.213503879657715, 33.396728799067446, 54.3789744812397, 33.521018600255815, 23.208931567195876], [29.76722607461008, 36.70549320028127, 39.83606094875059, 38.249784422698106, 47.600098592673454, 47.413323270090636, 50.803842545690564, 60.231113238881655, 0.0, 51.388740698954216, 43.564859007224165, 68.92540622962032, 35.17270812003004, 36.65088290259026, 41.333734364852795], [80.70033334290181, 34.5767018386195, 52.35010673073066, 38.195629466840465, 7.106208008736748, 85.149077084169, 71.37895569591555, 35.346719205302215, 51.21614417849614, 0.0, 19.40048046070102, 65.52181072654894, 67.66367152307691, 21.905474289225765, 29.866465836869054], [64.73343455212667, 27.55173231302978, 47.88913859355833, 27.264006231228535, 15.312492530604553, 74.44154175582095, 64.21024640386206, 36.1056047996992, 46.516438213805074, 18.271880026339993, 0.0, 59.698545793064376, 59.63959261791893, 11.945199966188458, 21.54699544360739], [80.52352311536521, 49.80626294102385, 93.14811131674914, 74.47255810387449, 60.44283568221456, 51.77888947723365, 34.82873904720487, 34.71656561330185, 65.07190763811843, 62.38862480210122, 60.6929639484802, 0.0, 46.83045732120147, 55.91985595236163, 45.055608862929105], [35.99501536796713, 35.51106504525149, 70.08922593582645, 55.348276117920065, 59.46334575579144, 29.767123720179104, 24.84361127971406, 52.3263624254201, 34.0947373293416, 62.147432424276516, 60.043411258044245, 48.70902854907744, 0.0, 52.01010261915051, 40.50560912095607], [62.772909797803464, 19.18807802310924, 40.249180233075386, 24.76935994647481, 22.56418215797899, 70.74547864094082, 52.85414898899522, 34.2944582835142, 35.548128736106726, 22.451931680202193, 18.80735757461489, 57.46078685446103, 49.709019810285874, 0.0, 16.374325661177977], [60.505023410567354, 10.454200553641039, 50.131688023546836, 32.21456813796068, 24.11332026284089, 58.997085649381276, 43.7478622659059, 29.72949566533761, 37.28522527764646, 31.312917991786776, 22.071083445364895, 50.46438106924965, 44.051469304625165, 15.389137276578165, 0.0]], "adjacency_matrix": [[0, 0, 0, 0, 0, 1, 0, 0, 1, 0, 0, 0, 1, 0, 0], [0, 0, 0, 1, 1, 0, 1, 1, 1, 1, 1, 0, 1, 1, 1], [0, 1, 0, 1, 0, 0, 0, 0, 1, 0, 1, 0, 0, 1, 0], [0, 1, 1, 0, 1, 0, 0, 0, 1, 1, 1, 0, 0, 1, 1], [0, 1, 0, 1, 0, 0, 0, 1, 0, 1, 1, 0, 0, 1, 1], [1, 0, 0, 0, 0, 0, 1, 0, 1, 0, 0, 0, 1, 0, 0], [0, 1, 0, 0, 0, 1, 0, 1, 1, 0, 0, 1, 1, 0, 1], [0, 1, 0, 0, 1, 0, 1, 0, 0, 1, 1, 1, 0, 1, 1], [1, 1, 1, 1, 1, 1, 0, 0, 0, 0, 1, 0, 1, 1, 1], [0, 1, 0, 1, 1, 0, 0, 1, 0, 0, 1, 0, 0, 1, 1], [0, 1, 1, 1, 1, 0, 0, 1, 1, 1, 0, 0, 0, 1, 1], [0, 1, 0, 0, 0, 0, 1, 1, 0, 0, 0, 0, 1, 0, 1], [1, 1, 0, 0, 0, 1, 1, 0, 1, 0, 0, 1, 0, 0, 1], [0, 1, 1, 1, 1, 0, 0, 1, 1, 1, 1, 0, 1, 0, 1], [0, 1, 0, 1, 1, 0, 1, 1, 1, 1, 1, 0, 1, 1, 0]], "physical_distances": [[0.0, 116.73843453511176, 133.13867632257555, 122.89687082512415, 164.63236867245482, 93.05736221455919, 121.86059525320847, 172.22560950926677, 54.679372380232266, 175.60968898489782, 152.31642839658764, 178.29316807697137, 71.79798145398031, 132.16302730065968, 132.22639677584695], [116.73843453511176, 0.0, 110.51991168318932, 66.52564491865283, 53.496436586960876, 127.88823808580922, 98.25052845651503, 63.977511772024556, 67.94984612358715, 65.44779037701086, 48.38526147494374, 108.71772374310704, 79.21715639292343, 28.185374500390747, 15.788163540345783], [133.13867632257555, 110.51991168318932, 0.0, 45.35957968073231, 110.99854836227124, 202.4930294208464, 196.28848044067993, 167.11923221605898, 91.51499944623988, 114.13239444198729, 94.39026376658406, 219.11281286034682, 155.33239834488978, 93.12911984054884, 119.25671220494698], [122.89687082512415, 66.52564491865283, 45.35957968073231, 0.0, 68.93982425973714, 173.68762847456864, 158.43761165988394, 121.78813021434092, 70.39209820233025, 74.49790351739715, 51.89894033115805, 175.16556243621284, 123.89250477266809, 47.80775179251044, 74.10292891564319], [164.63236867245482, 53.496436586960876, 110.99854836227124, 68.93982425973714, 0.0, 180.47166194929378, 144.74649544376996, 66.87917131641895, 111.21062688595877, 11.958817430840977, 17.043084913849693, 134.7183887091489, 132.5766686194157, 32.57861185268769, 43.47987603907439], [93.05736221455919, 127.88823808580922, 202.4930294208464, 173.68762847456864, 180.47166194929378, 0.0, 55.25094686690596, 151.35444280548487, 111.25396646852307, 192.3546710276196, 176.09539697843638, 119.53191512366156, 50.334339291870144, 154.93757461971393, 137.26812585687426], [121.86059525320847, 98.25052845651503, 196.28848044067993, 158.43761165988394, 144.74649544376996, 55.25094686690596, 0.0, 102.05551981570424, 113.84361260618334, 155.92421568556773, 144.9982633871047, 64.77816166569737, 51.28824786699452, 126.31598502417864, 102.08906665872223], [172.22560950926677, 63.977511772024556, 167.11923221605898, 121.78813021434092, 66.87917131641895, 151.35444280548487, 102.05551981570424, 0.0, 129.72133633450085, 73.45498940259023, 78.25612590642106, 71.00520981481137, 114.69383125447823, 73.99018741368724, 50.116045253691304], [54.679372380232266, 67.94984612358715, 91.51499944623988, 70.39209820233025, 111.21062688595877, 111.25396646852307, 113.84361260618334, 129.72133633450085, 0.0, 121.79641664054553, 98.07589869585506, 154.6390229080733, 66.49250463299353, 78.63579714194715, 83.70657783610588], [175.60968898489782, 65.44779037701086, 114.13239444198729, 74.49790351739715, 11.958817430840977, 192.3546710276196, 155.92421568556773, 73.45498940259023, 121.79641664054553, 0.0, 24.503409731838865, 142.97602263905023, 144.53404539419742, 43.47246858675713, 55.22305255943188], [152.31642839658764, 48.38526147494374, 94.39026376658406, 51.89894033115805, 17.043084913849693, 176.09539697843638, 144.9982633871047, 78.25612590642106, 98.07589869585506, 24.503409731838865, 0.0, 142.49503205468184, 126.82041011074823, 21.68028037439911, 43.31201971766872], [178.29316807697137, 108.71772374310704, 219.11281286034682, 175.16556243621284, 134.7183887091489, 119.53191512366156, 64.77816166569737, 71.00520981481137, 154.6390229080733, 142.97602263905023, 142.49503205468184, 0.0, 107.05841678265944, 131.02048696089935, 102.67992293454834], [71.79798145398031, 79.21715639292343, 155.33239834488978, 123.89250477266809, 132.5766686194157, 50.334339291870144, 51.28824786699452, 114.69383125447823, 66.49250463299353, 144.53404539419742, 126.82041011074823, 107.05841678265944, 0.0, 105.3861774375074, 90.35746333979591], [132.16302730065968, 28.185374500390747, 93.12911984054884, 47.80775179251044, 32.57861185268769, 154.93757461971393, 126.31598502417864, 73.99018741368724, 78.63579714194715, 43.47246858675713, 21.68028037439911, 131.02048696089935, 105.3861774375074, 0.0, 28.350108453198406], [132.22639677584695, 15.788163540345783, 119.25671220494698, 74.10292891564319, 43.47987603907439, 137.26812585687426, 102.08906665872223, 50.116045253691304, 83.70657783610588, 55.22305255943188, 43.31201971766872, 102.67992293454834, 90.35746333979591, 28.350108453198406, 0.0]], "communication_quality": [[99999.99999999999, 0.018352681624109267, 0.017332088434433696, 0.019040426828361573, 0.014056061424645234, 0.024760039113118932, 0.01774000858298983, 0.01288134552876793, 0.03548624072103922, 0.01315756169098133, 0.014765394739891228, 0.012236842328138315, 0.030141459823495077, 0.01607569782567055, 0.01626056296027285], [0.01831951160395966, 99999.99999999999, 0.019074920012062912, 0.03385586970951954, 0.03404403707165542, 0.017084978454819398, 0.02194421075442262, 0.03368872293086427, 0.031037266527341335, 0.02833468681689694, 0.0367206459224867, 0.019530945193720336, 0.025099279201926845, 0.04782550661202327, 0.07496401824096843], [0.01659468156336586, 0.021338174733565238, 99999.99999999999, 0.03731128511446114, 0.01954448385656944, 0.011457977537376027, 0.01162419683615696, 0.013506950268413975, 0.025054627629214392, 0.018016741477580745, 0.02483071362145005, 0.010841313346387528, 0.015068621121844891, 0.024190274752828658, 0.018634783572683063], [0.017387253958669833, 0.03405389994911947, 0.04758895196118044, 99999.99999999999, 0.026920591584345607, 0.01339330367813299, 0.015053192934391247, 0.0179163558576928, 0.02671395299002771, 0.030031379818736364, 0.03207127239476578, 0.013593143310311412, 0.017986665664204624, 0.04260763558228714, 0.029792712300768288], [0.01467285160305385, 0.039938349336014596, 0.01956207162370141, 0.03319966370219615, 99999.99999999999, 0.01285084729029089, 0.015160013790382561, 0.029644938628614264, 0.0192759408339154, 0.1066723661423055, 0.06484648846817279, 0.015996578593025907, 0.017395045303522982, 0.04510754654386816, 0.04948196562474588], [0.02405958815869475, 0.018610222256503724, 0.011211700959798425, 0.012599723262210307, 0.013458952071548822, 99999.99999999999, 0.038398756136728246, 0.0150165456491535, 0.021109902483218392, 0.01167779234291764, 0.013020355800669871, 0.019358745293201137, 0.036048786797458175, 0.014430467065155963, 0.015443535814586058], [0.017282661819579406, 0.0212541714103345, 0.011550939288441222, 0.01428964833648928, 0.016145247251005124, 0.03492096269155474, 99999.99999999999, 0.023004386724601682, 0.020254723604653323, 0.01453905204466385, 0.01656412569113597, 0.02857922885939882, 0.03391269148306826, 0.017795391802967957, 0.022014968195229332], [0.013284201937887095, 0.03334208619326609, 0.013886431369009068, 0.017847178713148622, 0.027072631912171918, 0.015262671268375674, 0.021325149693334138, 99999.99999999999, 0.01690017854787817, 0.02556245126736122, 0.02839818836079531, 0.029943043421590716, 0.018389457058452272, 0.029832020130562714, 0.043086842073549195], [0.03359398223918238, 0.02724387115859883, 0.02510287727136814, 0.026143931362061966, 0.02100835543375039, 0.02109111363893122, 0.019683546618844458, 0.0166027121233306, 99999.99999999999, 0.019459511788060463, 0.02295427537803854, 0.01450843614304146, 0.028431126550624002, 0.027284464873960166, 0.024193307801320972], [0.012391521009407915, 0.028921200045490664, 0.019102154158387542, 0.026180999034409402, 0.1407218296385713, 0.011744107121330736, 0.014009729480532694, 0.028291160808451666, 0.019525089613617742, 99999.99999999999, 0.051545088616479544, 0.015262091146298193, 0.014778977103971896, 0.04565066842607315, 0.033482356788996755], [0.015447965219813833, 0.03629534526849431, 0.020881557291551264, 0.03667838191992374, 0.06530611165623226, 0.013433357801032204, 0.015573835957145515, 0.027696523256774207, 0.021497772044066374, 0.05472887580641312, 99999.99999999999, 0.016750823980840376, 0.01676738200967735, 0.08371556488588751, 0.046410161384940016], [0.012418729796261059, 0.020077792232799888, 0.010735589573508533, 0.013427763073850199, 0.016544555252372112, 0.019312886332002555, 0.028711912639890046, 0.028804684285072293, 0.015367612271106801, 0.01602856038078141, 0.016476371727127088, 99999.99999999999, 0.02135361992314076, 0.017882732423784853, 0.022194790022577644], [0.02778161675890705, 0.02816022885045602, 0.014267526056577329, 0.018067406782379676, 0.01681707981814674, 0.0335940977522502, 0.04025178087932556, 0.01911082220395238, 0.029330031114188956, 0.016090766747456242, 0.016654613928516377, 0.02053007059444289, 99999.99999999999, 0.01922703008398779, 0.024687932728884962], [0.01593043629675151, 0.05211566669882098, 0.02484522034379302, 0.04037244395642452, 0.04431800584743678, 0.01413517694499737, 0.018919986981690697, 0.029159221590285243, 0.028130868044134373, 0.04453957765629624, 0.05317065219428916, 0.017403169721659784, 0.020117069349703507, 99999.99999999999, 0.06107117996676389], [0.01652755057937622, 0.09565523813289906, 0.019947459181021563, 0.03104184682218856, 0.04147083746209122, 0.016949986927203717, 0.02285825454371484, 0.03363661714583857, 0.026820267930548043, 0.031935691234696896, 0.04530813131100254, 0.019815952968257403, 0.022700713251529905, 0.06498085839505682, 99999.99999999999]], "binary_threshold": 0.02}, "global_features": {"formation_type": "bee_swarm_to_line", "cluster_centroid": [475.6474856860301, 486.379500358825], "cluster_radius": 72.031420867153, "velocity_coherence": 0.5925773914182978, "connectivity_density": 0.64}}
