{"metadata": {"episode_id": 16, "frame_id": 0, "timestamp": 0.0, "transformation_progress": 0.0, "start_formation": "bee_swarm", "target_formation": "circle", "current_formation": "bee_swarm_to_circle"}, "node_features": {"positions": [[522.8915005332275, 566.1935954313205], [389.1309683195064, 434.47950488020336], [495.1154503128235, 510.952983562312], [427.9614146219132, 518.8651645993607], [434.72019481290346, 545.0922311423342], [482.5237838634192, 609.4735407099437], [622.8841702120819, 452.49034764599367], [465.0904447893111, 447.6881701580821], [380.31617301926195, 559.0310311678213], [375.2022472862674, 432.23892143864674], [460.70187413477686, 517.9381232145074], [498.29724678206196, 553.0089230143774], [426.42229608578685, 473.56051349349195], [512.2716788895468, 500.9030996140156], [462.2081381912439, 499.7293797318452]], "velocities": [[13.324612156385953, 1.2549263633307746], [18.006590624172418, 10.284759350662668], [9.235510816818831, 13.05308516076002], [2.65777090044144, 6.49818255851855], [6.00322062073618, 13.264540245763765], [-4.170744566947683, 5.533177535831799], [6.0720735693571175, -7.967282707696316], [1.0160918434233834, 8.749322981640832], [11.636547089609873, -7.677540110762704], [1.9305970564603978, 9.027125829396573], [-0.7672109497252037, -3.5068355744199984], [-9.162649252067835, -12.148478750749966], [5.871772601231577, -2.449923696556047], [13.200714811707371, -3.1887726258751736], [6.798987752156698, -3.3843870081114824]], "speeds": [13.383576849836928, 20.736768813090848, 15.989924710943171, 7.020692467489798, 14.55976255825344, 6.92900886749016, 10.01736847560486, 8.808126660723037, 13.941084976467154, 9.231262412810738, 3.5897783200910736, 15.216427874959441, 6.362376882857593, 13.580395517051823, 7.594755419014531], "headings": [0.09390408822434858, 0.5189484469458266, 0.9550313901526466, 1.182553610662203, 1.1458017592764431, 2.216706026559085, -0.9195796190491071, 1.4551804750521842, -0.5832184924420806, 1.3601041290191118, -1.7861787002713074, -2.216994008086607, -0.39527740813761153, -0.2370200649443414, -0.46186848645331957]}, "edge_features": {"distance_matrix": [[0.0, 85.54569510168987, 30.378579423414248, 48.64212382734476, 39.9468308442347, 32.653899809579, 63.13377909511782, 58.85353578926833, 65.55499153374578, 82.73935170185179, 36.84142671496138, 14.456200476421815, 57.758287806022864, 29.50705725397573, 43.770424442266915], [81.07579178804275, 0.0, 57.40862966461154, 39.77722521234586, 53.76473958586415, 85.21168020373402, 96.15328164547799, 40.5488992619466, 58.05680125046814, 8.422190220284596, 46.787008305851316, 68.01649382437694, 25.17002254833523, 64.87045419681289, 47.82976424538115], [33.398585470563106, 59.29937789957764, 0.0, 34.85524111775735, 32.10179705965981, 49.32615345559416, 65.04626310302201, 36.50253324278118, 57.75958252033131, 62.45816668490535, 16.429472014493108, 19.82946758062827, 41.28718122289744, 16.24283320913393, 16.801011901015297], [46.50457454876692, 46.658339573249144, 36.846580287773754, 0.0, 13.224815441622416, 49.775326427695006, 88.69366980899608, 40.95012689357379, 32.060070061757166, 46.06829581831869, 23.05726351601408, 35.916800276690154, 28.647691757982702, 43.70110518373152, 20.819561611896], [42.93894554783752, 50.56080480362452, 37.07553952679698, 17.10947231733085, 0.0, 38.27725203341083, 88.73273263014899, 45.07526095376592, 30.86835406044385, 59.839579577380725, 23.731951427130245, 36.009657135609025, 38.9075126158662, 40.20873304480333, 30.27601743175941], [26.843852936515717, 89.00150628019706, 46.55597847576599, 47.555635323904575, 40.19543369834678, 0.0, 93.03270974724846, 68.72684235891826, 51.61779337968196, 90.45170207613185, 45.001536387335534, 28.939637579772036, 67.60621725665571, 51.64805740301593, 47.758830149864565], [65.5927127093061, 96.98741195032058, 59.95045025291901, 88.20438650212822, 92.59646800096327, 91.3024065196981, 0.0, 72.31102751985543, 110.27585034729945, 104.87700993380489, 78.24712036369822, 72.64348001644167, 83.36566600789436, 54.2885151149885, 74.50086627917423], [60.77256539523801, 34.17940529583411, 37.09604716737468, 37.99442556994005, 45.34801682667652, 71.17089698371618, 71.94300382452424, 0.0, 63.25716916760847, 39.52525028087557, 32.93591440535961, 46.551288766230115, 27.417349618767133, 33.293035187574326, 25.485937812541145], [66.81794799976241, 53.869606849680615, 56.90195518448901, 30.188442398368558, 27.96072258147036, 54.80988404608926, 109.38368808846447, 63.9057961985168, 0.0, 57.27355097795539, 44.758189330037084, 57.07492919421591, 47.99454526741109, 63.8389608956552, 45.533018410003685], [88.33390486314961, 11.369994547410734, 60.847117038772055, 49.26613276293178, 58.20316570582366, 90.00936457974143, 104.98766948894196, 44.43836655103487, 54.44183388830407, 0.0, 53.74176194710438, 72.73952560864572, 33.84253048644853, 67.41672511045543, 52.67813004873891], [39.161228398038794, 50.013254942698886, 16.61434221226177, 16.496327511857825, 21.58219277974111, 41.52566233164254, 75.43462747486498, 37.87762640249719, 42.102589913067604, 53.19037603432662, 0.0, 27.599846571344962, 32.57920323423113, 26.688836645190506, 13.485880370685718], [16.94459611544246, 73.72219254187642, 23.909214356949168, 39.74920141712053, 28.851365479273877, 31.184344678364432, 68.6257971321941, 49.85287287571478, 50.169835927694834, 73.46511308240105, 25.839367673974024, 0.0, 52.60335461073489, 26.853663759999584, 33.049432912942976], [60.566417736803984, 29.74581401439262, 33.8013552564589, 24.568207304633113, 38.737146161267475, 64.6085831904712, 85.00627333362078, 28.720244956053556, 46.196644657551204, 35.738649084089616, 26.124850464985396, 48.95194701333297, 0.0, 45.32580784985796, 27.57245771811039], [36.22379336433964, 59.49393525879543, 16.080646531108258, 40.48792245306688, 45.49856439025963, 47.62329661269301, 51.65323694900927, 36.113022785293026, 62.376815339762565, 68.90137896544717, 31.636969399815307, 26.37139079631114, 39.71321891161696, 0.0, 28.372250529821628], [43.549584288881064, 47.225535358537165, 19.036949396432586, 23.887292385810987, 26.539882627702426, 49.74476457140541, 71.77843301908189, 31.032620202783747, 48.03808597921775, 52.75008961436396, 11.704354917308791, 32.35636250874213, 26.37295816512187, 26.36374119680154, 0.0]], "adjacency_matrix": [[0, 0, 1, 1, 1, 1, 0, 0, 0, 0, 1, 1, 0, 1, 1], [0, 0, 0, 1, 0, 0, 0, 1, 0, 1, 1, 0, 1, 0, 1], [1, 0, 0, 1, 1, 1, 0, 1, 0, 0, 1, 1, 1, 1, 1], [1, 1, 1, 0, 1, 1, 0, 1, 1, 1, 1, 1, 1, 1, 1], [1, 0, 1, 1, 0, 1, 0, 1, 1, 0, 1, 1, 1, 1, 1], [1, 0, 1, 1, 1, 0, 0, 0, 0, 0, 1, 1, 0, 0, 1], [0, 0, 0, 0, 0, 0, 0, 0, 0, 0, 0, 0, 0, 0, 0], [0, 1, 1, 1, 1, 0, 0, 0, 0, 1, 1, 1, 1, 1, 1], [0, 0, 0, 1, 1, 0, 0, 0, 0, 0, 1, 0, 1, 0, 1], [0, 1, 0, 1, 0, 0, 0, 1, 0, 0, 0, 0, 1, 0, 0], [1, 0, 1, 1, 1, 1, 0, 1, 1, 0, 0, 1, 1, 1, 1], [1, 0, 1, 1, 1, 1, 0, 1, 0, 0, 1, 0, 0, 1, 1], [0, 1, 1, 1, 1, 0, 0, 1, 1, 1, 1, 1, 0, 1, 1], [1, 0, 1, 1, 1, 1, 0, 1, 0, 0, 1, 1, 1, 0, 1], [1, 1, 1, 1, 1, 1, 0, 1, 1, 0, 1, 1, 1, 1, 0]], "physical_distances": [[0.0, 187.7244832934847, 61.83068951183427, 106.07403818156976, 90.66116438301106, 59.183665081291885, 151.41652005787194, 131.85028579530055, 142.75512720229455, 199.3889921964807, 78.71556536318907, 27.905427864822666, 133.74301954129257, 66.14854084417208, 89.99979129795166], [187.7244832934847, 0.0, 130.6939301005777, 92.89102823352485, 119.63926104505721, 198.35607016474128, 234.44604891566246, 77.09935735134148, 124.86305825487536, 14.107780965849045, 109.94423829146004, 161.14124027259467, 54.01822248837976, 139.91328935114132, 97.96845882536738], [61.83068951183427, 130.6939301005777, 0.0, 67.61854123196599, 69.3763296249569, 99.32195248107446, 140.50880962764987, 70.02811986451572, 124.460325922286, 143.44016116867795, 35.11533000447086, 42.176129172405666, 78.21090880118352, 19.883066824587278, 34.76867086919384], [106.07403818156976, 92.89102823352485, 67.61854123196599, 0.0, 27.08394596656258, 105.76828427578519, 205.91380957200911, 80.27907211014183, 62.31665816272878, 101.42798303274013, 32.753581404828005, 78.1852001619465, 45.330787525618184, 86.20241550801217, 39.23029872088646], [90.66116438301106, 119.63926104505721, 69.3763296249569, 27.08394596656258, 0.0, 80.18812971849984, 209.71597570307432, 102.02893305260716, 56.16126541909058, 127.58626724244189, 37.58182057512287, 64.06805403074107, 72.01140016052437, 89.25756005917319, 53.041260536123694], [59.183665081291885, 198.35607016474128, 99.32195248107446, 105.76828427578519, 80.18812971849984, 0.0, 210.58195782283738, 162.7219328667036, 113.97737706833668, 207.19561404991788, 94.10062911728505, 58.626403471066304, 147.03648492127314, 112.57210106527235, 111.60871976626274], [151.41652005787194, 234.44604891566246, 140.50880962764987, 205.91380957200911, 209.71597570307432, 210.58195782283738, 0.0, 157.86678146913047, 264.9342380807625, 248.5084610383734, 174.8899896728603, 160.0808716987982, 197.5885114930959, 120.74318941329618, 167.47630703585946], [131.85028579530055, 77.09935735134148, 70.02811986451572, 80.27907211014183, 102.02893305260716, 162.7219328667036, 157.86678146913047, 0.0, 139.9425233871973, 91.20618036263316, 70.38689833214562, 110.43166520886389, 46.52530358657741, 71.1188974058318, 52.12096684853032], [142.75512720229455, 124.86305825487536, 124.460325922286, 62.31665816272878, 56.16126541909058, 113.97737706833668, 264.9342380807625, 139.9425233871973, 0.0, 126.8951981990557, 90.28005332238358, 118.13466702384626, 97.11325334753948, 144.19123397837575, 101.10875245379657], [199.3889921964807, 14.107780965849045, 143.44016116867795, 101.42798303274013, 127.58626724244189, 207.19561404991788, 248.5084610383734, 91.20618036263316, 126.8951981990557, 0.0, 121.05593490719092, 172.4464327884797, 65.8100856174204, 153.30622441553018, 110.11351875584867], [78.71556536318907, 109.94423829146004, 35.11533000447086, 32.753581404828005, 37.58182057512287, 94.10062911728505, 174.8899896728603, 70.38689833214562, 90.28005332238358, 121.05593490719092, 0.0, 51.413743717908666, 56.075500138363125, 54.31055874794888, 18.270937869337693], [27.905427864822666, 161.14124027259467, 42.176129172405666, 78.1852001619465, 64.06805403074107, 58.626403471066304, 160.0808716987982, 110.43166520886389, 118.13466702384626, 172.4464327884797, 51.413743717908666, 0.0, 107.13570045969875, 53.947211095258595, 64.35163938296427], [133.74301954129257, 54.01822248837976, 78.21090880118352, 45.330787525618184, 72.01140016052437, 147.03648492127314, 197.5885114930959, 46.52530358657741, 97.11325334753948, 65.8100856174204, 56.075500138363125, 107.13570045969875, 0.0, 90.09846582236997, 44.333238719921276], [66.14854084417208, 139.91328935114132, 19.883066824587278, 86.20241550801217, 89.25756005917319, 112.57210106527235, 120.74318941329618, 71.1188974058318, 144.19123397837575, 153.30622441553018, 54.31055874794888, 53.947211095258595, 90.09846582236997, 0.0, 50.077297507078335], [89.99979129795166, 97.96845882536738, 34.76867086919384, 39.23029872088646, 53.041260536123694, 111.60871976626274, 167.47630703585946, 52.12096684853032, 101.10875245379657, 110.11351875584867, 18.270937869337693, 64.35163938296427, 44.333238719921276, 50.077297507078335, 0.0]], "communication_quality": [[99999.99999999999, 0.01168965757908337, 0.03291792077841678, 0.020558308637312245, 0.02503326868573449, 0.030624204140683044, 0.01583937879117936, 0.01699132969117292, 0.015254366205532457, 0.012086145933823646, 0.027143349694446036, 0.06917442172213854, 0.01731352962233113, 0.03389018608297176, 0.0228464718877533], [0.012334136424753585, 99999.99999999999, 0.01741898093809791, 0.02514000771198962, 0.018599547244295554, 0.011735478988963646, 0.010400059975970976, 0.024661575815516614, 0.017224507830542215, 0.11873381941117149, 0.02137345007674783, 0.01470231405280791, 0.03972978573149048, 0.015415335968092709, 0.02090747898724545], [0.02994137884874174, 0.01686358047562785, 99999.99999999999, 0.028690081635663212, 0.03115089434502997, 0.020273216685507058, 0.015373670962149874, 0.027395351423842553, 0.017313141529660223, 0.016010713938142802, 0.06086619158886809, 0.050429972042073154, 0.024220586830460158, 0.06156557612017484, 0.05952018906299797], [0.021503256285438963, 0.021432391182849182, 0.02713955327182105, 99999.99999999999, 0.0756153647860414, 0.020090271041213893, 0.011274760525817887, 0.02441994278551307, 0.031191438014930253, 0.02170689766503977, 0.043370262286452264, 0.02784211605363507, 0.034906814111933054, 0.022882711248802794, 0.04803172796449926], [0.023288875736297728, 0.01977816227614104, 0.02697195355869865, 0.05844712197908301, 99999.99999999999, 0.026125170581091622, 0.011269797037246395, 0.022185113452245428, 0.03239562673427991, 0.01671134456406764, 0.04213726720694926, 0.027770320570698247, 0.0257019705385253, 0.024870212900854213, 0.03302943235383004], [0.0372524625969424, 0.011235763634091041, 0.02147951386577335, 0.02102799768963149, 0.02487844163394891, 99999.99999999999, 0.010748906435464884, 0.014550353547076655, 0.019373160702797838, 0.011055622685818427, 0.022221458600396517, 0.03455467096631027, 0.014791536824021663, 0.019361808684860995, 0.020938531942192397], [0.015245593698432081, 0.010310615334349493, 0.01668043907888613, 0.011337303350586064, 0.01079954682498396, 0.010952612626460488, 99999.99999999999, 0.0138291474482774, 0.009068167746328437, 0.00953497725842295, 0.012780021393141563, 0.01376585843788158, 0.01199534446173392, 0.018420098867705476, 0.013422660912775561], [0.016454790561308965, 0.029257375860431496, 0.026957042779184686, 0.026319643521462578, 0.022051676114201686, 0.014050685067548722, 0.013899890299829442, 99999.99999999999, 0.015808482343962326, 0.0253002761498285, 0.030361983701822907, 0.02148167777276783, 0.03647324227806028, 0.030036303208852196, 0.03923730862808717], [0.014966036525742911, 0.018563339754029247, 0.017574085477676814, 0.03312524891319178, 0.035764442046940584, 0.018244881100465307, 0.009142130111483763, 0.015648030429247742, 99999.99999999999, 0.01746006329840221, 0.02234227504610319, 0.017520824623170898, 0.020835696766608285, 0.015664412912208436, 0.02196207972365612], [0.011320680188908637, 0.08795071240562766, 0.0164346296804251, 0.020297915442903467, 0.01718119308565396, 0.011109953876127385, 0.009524927161623065, 0.02250307229049105, 0.018368224302829562, 99999.99999999999, 0.01860749959983186, 0.013747681939849246, 0.0295486091063532, 0.014833112258574999, 0.01898320629913621], [0.025535453956687954, 0.01999469543021673, 0.060188925046501494, 0.0606195162581503, 0.04633447337167479, 0.024081488482920972, 0.013256509654907569, 0.026400802557312475, 0.023751502331560877, 0.018800389968116532, 99999.99999999999, 0.03623207234483354, 0.03069441833387478, 0.03746883532639302, 0.07415157416478041], [0.05901583035846731, 0.01356443466853788, 0.041824861612850775, 0.02515773179764986, 0.0346603925597369, 0.03206736231401946, 0.014571777612373972, 0.020059020508263078, 0.019932291628744638, 0.013611901240243824, 0.03870062246147753, 99999.99999999999, 0.019010190838551943, 0.0372388526403255, 0.030257696101993154], [0.01651079710934209, 0.03361816433513983, 0.02958460382924669, 0.04070299393726945, 0.0258150080980875, 0.015477817278143197, 0.011763836281082185, 0.034818632408735756, 0.021646589074746824, 0.027980904310010525, 0.03827771640504182, 0.020428192477118565, 99999.99999999999, 0.022062481107621837, 0.036268063135428796], [0.02760615692234144, 0.016808433121220222, 0.06218651571006979, 0.024698717356318154, 0.021978710616789802, 0.020998121951772884, 0.01935986717325193, 0.02769083410815744, 0.016031594980236076, 0.014513495518958005, 0.03160858017961847, 0.03791986659047255, 0.02518052617241301, 99999.99999999999, 0.03524569355159121], [0.02296232643102525, 0.021174980456191293, 0.052529397115139834, 0.041863245327944526, 0.03767912756949879, 0.02010261396530332, 0.013931759424402055, 0.0322241457931689, 0.02081681173276768, 0.018957310172125208, 0.08543821104903931, 0.030905813058303037, 0.037917612979281395, 0.037930869265725746, 99999.99999999999]], "binary_threshold": 0.02}, "global_features": {"formation_type": "bee_swarm_to_circle", "cluster_centroid": [463.7158387902755, 508.10970198695037], "cluster_radius": 68.36076919216639, "velocity_coherence": 0.4413412957382803, "connectivity_density": 0.6044444444444445}}
{"metadata": {"episode_id": 16, "frame_id": 1, "timestamp": 0.1, "transformation_progress": 0.0125, "start_formation": "bee_swarm", "target_formation": "circle", "current_formation": "bee_swarm_to_circle"}, "node_features": {"positions": [[525.8835721244501, 566.6755217048604], [392.98764172041797, 436.83723488280515], [497.31872098804115, 513.7055982259839], [428.8675833628324, 520.3239273507179], [436.3276186044691, 547.8137398940448], [482.1161216540096, 610.6179849339733], [624.5923160845306, 453.47390959884996], [465.66236505760736, 449.6311302896141], [383.026074401323, 557.734584266788], [375.94970738072, 434.23749477663], [460.92374691490306, 517.477490645155], [496.81844141810916, 550.8725070489297], [427.9442122125641, 473.2676133189542], [515.153033069846, 500.3991645692557], [464.1853224585468, 499.28093080902113]], "velocities": [[29.920715912226314, 4.819262735398468], [38.56673400911564, 23.577300026017582], [22.032706752176466, 27.526146636718252], [9.0616874091921, 14.587627513571743], [16.07423791565608, 27.215087517106085], [-4.0766220940964475, 11.444442240296524], [17.081458724486016, 9.835619528562798], [5.719202682962539, 19.42960131532008], [27.09901382061068, -12.96446901033234], [7.474600944525862, 19.985733379832606], [2.218727801262057, -4.60632569352496], [-14.788053639528188, -21.36415965447615], [15.219161267772524, -2.929001745377401], [28.8135418029918, -5.039350447599698], [19.771842673029163, -4.484489228240625]], "speeds": [30.306344781463718, 45.202677449977735, 35.25803334693411, 17.173032789132673, 31.607627451817052, 12.148831461896187, 19.71080017825165, 20.253856092139436, 30.040539388791213, 21.337741164651476, 5.112825975028034, 25.982953030545037, 15.498448984298113, 29.250901595788108, 20.2740328086255], "headings": [0.15969619755145567, 0.5487143923483602, 0.8957942807208057, 1.0149415251713325, 1.0372898241207416, 1.912992485038298, 0.5224403754598277, 1.2845263306068662, -0.4462278062403703, 1.2129054372952581, -1.1219201470180316, -2.1762612984332907, -0.19013021555470203, -0.17314398858127622, -0.22303836541061756]}, "edge_features": {"distance_matrix": [[0.0, 77.38894801742968, 27.804919022413273, 48.417115110746984, 42.52291054318597, 29.071964922770185, 65.21287051521733, 59.293065592879, 67.4527950880747, 88.76080185121668, 39.136182981654244, 19.59459510810867, 58.396141636720024, 34.89536953059154, 40.11018268530481], [82.88022727514465, 0.0, 59.35254107631187, 43.61367851126426, 54.20916574909651, 82.20214780018355, 96.18272997008526, 32.299396904778554, 57.17663582006357, 10.665508838528723, 46.95441616787361, 66.41967736445659, 26.52663104890601, 64.5870016446726, 46.78344225141849], [28.5730976139473, 59.081880774068225, 0.0, 32.60438980475834, 31.303205391986246, 42.38580424964336, 65.45301157048304, 34.038085968756256, 57.44761101424736, 62.9469853502088, 22.06242194402185, 23.707131550785324, 36.13549011632787, 11.43927845260017, 20.911546629545647], [47.99469848342186, 43.42337468313164, 30.360630570738294, 0.0, 20.937136543158157, 51.982435321898684, 85.40206544063604, 41.22417889891086, 29.084663412435546, 45.10138482455593, 17.964483833028723, 40.10130632128789, 21.587106555381375, 45.05510584516043, 23.565967683194607], [40.550765181631185, 50.40889518116296, 35.89509962797062, 21.653073792483365, 0.0, 35.10883037839781, 88.74813109659844, 50.494698877461495, 25.19701219078296, 55.8730338007616, 24.74905919195303, 28.10024162618572, 33.49075578042905, 43.584190048165134, 29.81677962893319], [32.49204654644842, 81.21805328847041, 49.0074887146014, 51.19522901481956, 40.99420784031642, 0.0, 89.07863944732411, 72.30497094441426, 49.79722154753427, 89.93471626506314, 46.58027244851422, 33.62575564961546, 62.824343109251885, 54.05294747281376, 50.75561647593651], [64.620291914759, 100.37899912474882, 59.33821324166865, 88.02731689947075, 88.493126025134, 88.73961046790802, 0.0, 69.01662498014525, 109.89489456181055, 108.70691654126253, 78.89640336208717, 68.41592152140952, 86.29044510547521, 57.884051777619916, 73.06369142923597], [58.40511307070495, 33.38017791297687, 36.40042741324455, 40.226364147319316, 48.16075119963677, 72.08372936561976, 72.0001597421301, 0.0, 59.31612280289836, 40.241930594538914, 33.595422582849665, 50.135859105385975, 24.921991649959168, 35.97729745829198, 26.649860492213154], [60.23304057577519, 51.60836943435037, 58.406825422151094, 31.856398984092785, 26.82436515307403, 48.89099649871212, 114.02197981261283, 62.60453976977502, 0.0, 55.96253924493803, 37.77056900752207, 47.856758760468416, 46.11791137766171, 65.243237500441, 49.32483060698316], [83.6651257680253, 12.699265604800644, 61.79851679976974, 42.97362076174441, 53.98028941706013, 91.65552568723899, 107.45390269851715, 44.67214278244202, 55.72585876470363, 0.0, 52.93533321898813, 74.76612657155952, 32.0840524892797, 71.97329968375752, 47.05800249536776], [39.582907108588564, 49.36366593901303, 20.153168823728763, 21.05588413552539, 21.66569713353729, 42.717063022718015, 73.7665798441767, 29.363224338432115, 43.686737358844454, 53.33310887991882, 0.0, 27.22474595846317, 31.91555100182223, 28.774240692398905, 16.528317970750802], [17.797297676523847, 64.43045763288285, 18.689291590148255, 34.41876759179515, 27.074374770304505, 30.063671777972406, 74.44675442676908, 50.41808444425158, 54.241490987032996, 76.64254220790902, 25.068453266192286, 0.0, 45.44125166484192, 28.885391360261497, 33.00677023877873], [60.26821506520884, 23.307966259389623, 35.585872628007564, 28.627747757663432, 38.557779399676456, 68.44054549882568, 85.65898052164752, 21.569300088458757, 44.85319296495779, 32.84839068200187, 25.109499196365558, 49.83079699265709, 0.0, 41.01782527159687, 24.655082284742004], [33.062047031350055, 64.24486428885271, 12.78881004451562, 45.73630587870859, 43.220813962306025, 56.024922963955845, 56.87531084631681, 38.45481449675563, 66.77025150130925, 65.19137658461005, 31.334617643134035, 28.019118952628567, 41.79654643313087, 0.0, 23.30176667844175], [45.686719792846304, 44.39477806769096, 19.913296025100127, 22.87731476958863, 26.091037825044825, 53.63927129183528, 75.56709602317038, 25.655696809690266, 45.3022814479603, 51.04741299543674, 15.135416492953704, 30.82301881962595, 20.32624459316188, 29.373708016185414, 0.0]], "adjacency_matrix": [[0, 0, 1, 1, 1, 1, 0, 0, 0, 0, 1, 1, 0, 1, 1], [0, 0, 0, 1, 0, 0, 0, 1, 0, 1, 1, 0, 1, 0, 1], [1, 0, 0, 1, 1, 1, 0, 1, 0, 0, 1, 1, 1, 1, 1], [1, 1, 1, 0, 1, 0, 0, 1, 1, 1, 1, 1, 1, 1, 1], [1, 0, 1, 1, 0, 1, 0, 0, 1, 0, 1, 1, 1, 1, 1], [1, 0, 1, 0, 1, 0, 0, 0, 1, 0, 1, 1, 0, 0, 0], [0, 0, 0, 0, 0, 0, 0, 0, 0, 0, 0, 0, 0, 0, 0], [0, 1, 1, 1, 1, 0, 0, 0, 0, 1, 1, 0, 1, 1, 1], [0, 0, 0, 1, 1, 1, 0, 0, 0, 0, 1, 1, 1, 0, 1], [0, 1, 0, 1, 0, 0, 0, 1, 0, 0, 0, 0, 1, 0, 1], [1, 1, 1, 1, 1, 1, 0, 1, 1, 0, 0, 1, 1, 1, 1], [1, 0, 1, 1, 1, 1, 0, 0, 0, 0, 1, 0, 1, 1, 1], [0, 1, 1, 1, 1, 0, 0, 1, 1, 1, 1, 1, 0, 1, 1], [1, 0, 1, 1, 1, 0, 0, 1, 0, 0, 1, 1, 1, 0, 1], [1, 1, 1, 1, 1, 0, 0, 1, 1, 0, 1, 1, 1, 1, 0]], "physical_distances": [[0.0, 185.7937271353359, 60.181089337126856, 107.52010218822015, 91.52068413179512, 62.02039821965348, 150.193279202421, 131.62820116659253, 143.13701484236978, 200.04998068891146, 81.48757666912576, 33.08348674478318, 135.34088653832512, 67.13940708383277, 91.37124763213909], [185.7937271353359, 0.0, 129.59058370192648, 90.87022632025798, 119.13915502814257, 195.30395547356233, 232.2014300836972, 73.79227040698359, 121.30705631382574, 17.23513432449876, 105.44271069359576, 154.22346858978426, 50.4889521932612, 137.71166163046678, 94.70124024221776], [60.181089337126856, 129.59058370192648, 0.0, 68.77034624450111, 69.8804686447643, 98.09755207929493, 140.8063362340671, 71.46791106589859, 122.48004194797528, 145.07107544183754, 36.58990721778608, 37.17027563929627, 80.29977018136418, 22.25137892563329, 36.1371433320937], [107.52010218822015, 90.87022632025798, 68.77034624450111, 0.0, 28.484064307498603, 104.82568227774718, 206.82624560825263, 79.69521639526775, 59.169258866070436, 101.05036106709967, 32.182290527491645, 74.50191159981311, 47.065372669693254, 88.55605571071412, 41.111438776656975], [91.52068413179512, 119.13915502814257, 69.8804686447643, 28.484064307498603, 0.0, 77.7236142144275, 210.57920100851663, 102.47122609887113, 54.216950924117135, 128.62758498360304, 39.05454578348216, 60.568107954426, 75.01604155166591, 91.98688992931845, 55.9596749606791], [62.02039821965348, 195.30395547356233, 98.09755207929493, 104.82568227774718, 77.7236142144275, 0.0, 212.11724680547437, 161.82550316441993, 112.3187051682208, 205.86739622337583, 95.52103654927599, 61.52788257495996, 147.6472836029028, 115.0635732040671, 112.77168607860101], [150.193279202421, 232.2014300836972, 140.8063362340671, 206.82624560825263, 210.57920100851663, 212.11724680547437, 0.0, 158.97640166464865, 263.10556323111734, 249.3856181062749, 175.73804061950867, 160.66315642521485, 197.6417654834094, 119.07533842406592, 166.81932380954993], [131.62820116659253, 73.79227040698359, 71.46791106589859, 79.69521639526775, 102.47122609887113, 161.82550316441993, 158.97640166464865, 0.0, 136.07025132344276, 91.02376042417157, 68.01163955821293, 105.92694398642452, 44.512272285722844, 70.89936194999557, 49.67176608956392], [143.13701484236978, 121.30705631382574, 122.48004194797528, 59.169258866070436, 54.216950924117135, 112.3187051682208, 263.10556323111734, 136.07025132344276, 0.0, 123.69966080289137, 87.68512399428936, 113.99908286923545, 95.66769718944765, 144.03084238761417, 100.018264070992], [200.04998068891146, 17.23513432449876, 145.07107544183754, 101.05036106709967, 128.62758498360304, 205.86739622337583, 249.3856181062749, 91.02376042417157, 123.69966080289137, 0.0, 118.95160489438113, 167.9671901162862, 65.01368076133313, 154.12635216815232, 109.61830293825105], [81.48757666912576, 105.44271069359576, 36.58990721778608, 32.182290527491645, 39.05454578348216, 95.52103654927599, 175.73804061950867, 68.01163955821293, 87.68512399428936, 118.95160489438113, 0.0, 49.027096733203365, 55.155806243590526, 56.854944362204954, 18.486553624104555], [33.08348674478318, 154.22346858978426, 37.17027563929627, 74.50191159981311, 60.568107954426, 61.52788257495996, 160.66315642521485, 105.92694398642452, 113.99908286923545, 167.9671901162862, 49.027096733203365, 0.0, 103.76019939986021, 53.70023791480262, 61.04597605041014], [135.34088653832512, 50.4889521932612, 80.29977018136418, 47.065372669693254, 75.01604155166591, 147.6472836029028, 197.6417654834094, 44.512272285722844, 95.66769718944765, 65.01368076133313, 55.155806243590526, 103.76019939986021, 0.0, 91.33180994902716, 44.61065745649234], [67.13940708383277, 137.71166163046678, 22.25137892563329, 88.55605571071412, 91.98688992931845, 115.0635732040671, 119.07533842406592, 70.89936194999557, 144.03084238761417, 154.12635216815232, 56.854944362204954, 53.70023791480262, 91.33180994902716, 0.0, 50.9799761837887], [91.37124763213909, 94.70124024221776, 36.1371433320937, 41.111438776656975, 55.9596749606791, 112.77168607860101, 166.81932380954993, 49.67176608956392, 100.018264070992, 109.61830293825105, 18.486553624104555, 61.04597605041014, 44.61065745649234, 50.9799761837887, 0.0]], "communication_quality": [[99999.99999999999, 0.01292174007272172, 0.035964846347707274, 0.020653849184821455, 0.023516729030509727, 0.03439738795374253, 0.015334393943335342, 0.016865375762698642, 0.014825180341933544, 0.01126623313987064, 0.025551795507262727, 0.0510344553759942, 0.01712441611257121, 0.028657089088924666, 0.02493131877589734], [0.01206560252331583, 99999.99999999999, 0.016848475454985266, 0.022928581235263475, 0.018447061520146184, 0.012165130779544658, 0.010396875783649123, 0.030960320817904997, 0.017489658332652577, 0.0937600894189548, 0.021297246747830637, 0.015055776979389, 0.0376979504550291, 0.0154829891418654, 0.021375079261485658], [0.034997943293779955, 0.0169256600778747, 99999.99999999999, 0.030670707204800567, 0.03194560007583132, 0.023592799093352657, 0.015278133476590544, 0.029378846599348713, 0.017407161207806915, 0.015886381779407408, 0.04532591885324615, 0.04218138225807632, 0.027673617267805536, 0.08741802465630616, 0.04782044769384188], [0.02083563025172694, 0.023029066188579778, 0.03293738146499465, 99999.99999999999, 0.04776200032505289, 0.019237263537864563, 0.011709317306874016, 0.024257602798497264, 0.03438236991075982, 0.022172263272344284, 0.05566535908523313, 0.024936837284544378, 0.0463239264694994, 0.02219503781627529, 0.04243405529120572], [0.024660441027844593, 0.01983776470459201, 0.02785894820671526, 0.04618279823713328, 99999.99999999999, 0.028482854723259156, 0.011267841643145449, 0.01980405516203211, 0.039687229404663495, 0.017897718326674895, 0.04040555999274277, 0.03558686994347524, 0.029858976846219756, 0.022944094394181713, 0.033538151237772235], [0.030776753037175975, 0.012312531960386678, 0.020405040580086936, 0.019533066340612814, 0.024393684101871895, 99999.99999999999, 0.0112260345908291, 0.013830305837004061, 0.020081437640673726, 0.011119175445675082, 0.021468311213125695, 0.029739099784972054, 0.015917394298688513, 0.018500375312543362, 0.01970224917771638], [0.015475012811284999, 0.00996224219305873, 0.01685254369560862, 0.011360108675593696, 0.011300311469535647, 0.011268923562295852, 99999.99999999999, 0.014489260455652185, 0.009099602970559463, 0.009199045836517364, 0.012674847402892707, 0.014616478614883263, 0.011588767248679733, 0.017275912734697488, 0.013686686828596072], [0.017121785682899855, 0.029957890069613427, 0.027472197343324865, 0.024859312359044417, 0.020763791416310545, 0.013872754227244606, 0.013888856145499628, 99999.99999999999, 0.016858819898507224, 0.0248496962429219, 0.029765950997472673, 0.019945799640931572, 0.04012518793817022, 0.027795298499179985, 0.0375236345066739], [0.016602180869819412, 0.019376698337758753, 0.01712128371229551, 0.031390857660677986, 0.03727952633727618, 0.02045365950947117, 0.008770238106205917, 0.015973279956128555, 99999.99999999999, 0.017869093054056196, 0.02647563331769016, 0.02089568572849489, 0.02168354449045861, 0.015327256663507448, 0.020273760395252548], [0.011952409935395989, 0.078744648995725, 0.016181615513911018, 0.023270084055597433, 0.018525277014005526, 0.010910415748508116, 0.00930631537639485, 0.0223853102596175, 0.017944987169646296, 99999.99999999999, 0.01889097036479204, 0.013375039099992662, 0.031168122812818094, 0.013894039393129002, 0.02125036623887243], [0.025263423543461463, 0.020257810646748885, 0.04961996361698432, 0.047492639997311036, 0.04615589022026687, 0.02340984363484302, 0.013556272590509918, 0.03405619382641198, 0.022890236981617452, 0.0187500753940817, 99999.99999999999, 0.036731275076467194, 0.03133267812346788, 0.03475329421051312, 0.06050218762415899], [0.05618827398927786, 0.015520607512859927, 0.053506547324761074, 0.029053908069018197, 0.03693528065305519, 0.03326272568294339, 0.013432417213828927, 0.019834149049518766, 0.018436067988587934, 0.013047582200646059, 0.03989075793683035, 99999.99999999999, 0.02200643123370194, 0.034619563963398124, 0.030296805467415096], [0.016592491298989192, 0.04290376774333421, 0.028101031255944132, 0.03493113252057988, 0.025935096787690612, 0.014611219805443545, 0.011674197815199357, 0.046362169021580205, 0.022294951840591277, 0.03044288243073931, 0.03982554944342535, 0.020067906990696674, 99999.99999999999, 0.024379638598150448, 0.04055957237762431], [0.030246151927322048, 0.015565444108488395, 0.07819329668563456, 0.02186446329984189, 0.023136995279685674, 0.017849195832922445, 0.017582318396094972, 0.026004539432610548, 0.014976727326137427, 0.015339449770747372, 0.031913575338723306, 0.03568990319758626, 0.02392541599927907, 99999.99999999999, 0.04291518255452067], [0.021888193892060565, 0.022525166658645828, 0.05021767850800515, 0.04371140463632023, 0.038327322333145196, 0.01864305367104565, 0.013233271096730633, 0.038977682720567106, 0.022073938603055458, 0.019589627474229064, 0.06607015669268057, 0.03244327498935698, 0.049197455213240225, 0.0340440389415117, 99999.99999999999]], "binary_threshold": 0.02}, "global_features": {"formation_type": "bee_swarm_to_circle", "cluster_centroid": [465.1837651634913, 508.8232554877056], "cluster_radius": 68.13196808110156, "velocity_coherence": 0.6120415911085629, "connectivity_density": 0.6222222222222222}}
