{"metadata": {"episode_id": 6, "frame_id": 0, "timestamp": 0.0, "transformation_progress": 0.0, "start_formation": "line", "target_formation": "wolf_pack", "current_formation": "line_to_wolf_pack"}, "node_features": {"positions": [[500.4, 500.0], [559.120549244408, 500.47598988275877], [619.0342604403697, 500.2595132038357], [679.2879146847073, 499.297907054768], [739.0739225335444, 499.6226665584352], [799.0000138311999, 499.99474051253156], [859.0962401017626, 499.5719602280886], [919.0000618938334, 499.988874181561], [979.0184641844235, 500.19127844295815], [1039.0141473074746, 500.1676140466679], [1099.001620215948, 500.05690172929087], [1159.0000100152265, 500.0044755281902], [1219.005909469061, 499.8914457909745], [1279.0055497161354, 499.89479242935295], [1338.6031865686778, 499.9202316909061]], "velocities": [[4.0, 0.0], [-8.794507555919592, 4.759898827587958], [-9.657395596303047, 2.5951320383569203], [-7.120853152926814, -7.020929452319848], [-9.260774664556214, -3.7733344156480157], [-9.999861688001337, -0.05259487468438688], [-9.037598982373751, -4.2803977191140685], [-9.999381061666085, -0.11125818438955998], [-9.81535815576541, 1.9127844295815193], [-9.858526925254147, 1.676140466679038], [-9.983797840519967, 0.5690172929084427], [-9.99989984773557, 0.04475528190210583], [-9.940905309391324, -1.0855420902551025], [-9.944502838646805, -1.0520757064706094], [-13.968134313221832, -0.7976830909387]], "speeds": [4.0, 10.000000000000002, 10.000000000000002, 10.000000000000002, 10.0, 10.0, 10.0, 10.000000000000002, 10.000000000000002, 10.0, 10.0, 10.0, 10.000000000000002, 10.0, 13.99089255572262], "headings": [0.0, 2.6455033949883853, 2.8790745505220983, -2.3632602216144982, -2.7546774640449394, -3.1363331418728797, -2.699269963543542, -3.1304666056053034, 2.949128179533177, 2.973183677500553, 3.0846601733389925, 3.13711711045838, -3.032824105246088, -3.0361900258185113, -3.08454726598292]}, "edge_features": {"distance_matrix": [[0.0, 32.6954303586421, 57.8398517939391, 80.86323449558465, 103.51688407335045, 122.86447083878703, 146.3452495293994, 172.5563596669095, 197.6499335760392, 221.12173501759378, 247.1793948877131, 271.70451549489945, 294.9225024570831, 314.17447431155693, 340.20701787458336], [27.40489912857916, 0.0, 30.170852546144143, 55.847414277757245, 78.29507609841122, 105.71723811344364, 125.28057300936196, 150.38894338904555, 172.19162923755863, 201.67673861199293, 219.247855943749, 249.510775841823, 268.281943037703, 291.06171385112845, 316.9529194819124], [52.8868001474771, 28.711226462086593, 0.0, 31.571060898897027, 57.37217498127794, 75.45332682476318, 105.59744141903307, 124.17359203394572, 152.5740483592328, 176.41009603490332, 197.06352394741316, 222.2528690165012, 243.501700945091, 268.797670040975, 291.72459708602986], [81.59876162850094, 52.54484146268644, 29.264111319962183, 0.0, 31.239421223471396, 56.033815680925755, 80.0842393177746, 101.04716078832075, 124.79392677427519, 152.22968346537868, 175.53292292102623, 200.01358471885337, 224.3643895944697, 247.15732466724492, 266.66089186951046], [105.38460226629732, 82.30136708318062, 51.8230655503856, 31.18802980339305, 0.0, 29.60980532576378, 51.27706178423269, 78.42218898413844, 105.71849309163318, 124.37532802084027, 149.59631242386155, 172.13969159748734, 195.58511391253106, 221.64090848692513, 248.0006853027659], [129.72666747220038, 99.8545249186254, 78.08998433570036, 54.329528395151584, 32.09298196077567, 0.0, 28.57572621378055, 57.12143099390878, 77.5869486870444, 105.17976849374642, 125.3864268053382, 146.6746291514144, 176.58940267517153, 199.03966404415644, 224.55446597713313], [149.33727160480797, 128.34174589549386, 100.39825964770804, 74.66276463960496, 54.47361485683655, 27.434667868522826, 0.0, 27.68875245420582, 50.4144510701962, 81.25655434839551, 101.90193807431946, 130.25578167844338, 147.09427346577957, 176.70374894178255, 197.16205611137815], [172.27996708569498, 149.3447329471656, 127.7982049956825, 102.53607723883184, 76.81226827538063, 57.53668510872547, 30.88121820961834, 0.0, 28.016200211016155, 57.187203683704446, 75.4312730273094, 100.07599000160332, 123.63657228843829, 148.83309492051077, 173.44585632252597], [201.09283202759184, 170.77809591321312, 150.21427085795895, 128.0345297920873, 103.55493518017394, 76.95730424442644, 52.22018002722329, 31.78232924971659, 0.0, 33.304529723007924, 57.145075955399044, 81.09790017058096, 105.11677877721299, 122.97931428426212, 153.80188883996655], [222.04146198133046, 197.32481485546023, 176.8767519514986, 150.93371784932836, 128.03660497129687, 99.59114988515823, 81.03325467379752, 54.86794417869727, 26.396613566015887, 0.0, 28.119041053614033, 53.15419809748212, 76.22336954498346, 100.71587286413788, 129.92383344990887], [244.1818277752616, 221.12048341081956, 201.00761101866016, 172.95895149379848, 146.7648399835742, 124.1549877132417, 105.65432038472213, 74.48203814131136, 53.05026634777471, 32.750038811730164, 0.0, 29.479811771249736, 57.63610874848815, 81.94926690458699, 105.50281591060106], [272.25504806875585, 249.67246810918277, 223.6888186357052, 196.48315572936247, 178.22309406589787, 149.99759359027962, 129.14451247565987, 104.87033400838787, 76.11807230049719, 56.56721534624556, 33.9455354823734, 0.0, 33.052141944712325, 56.375465928569085, 79.51117583593941], [293.5135833258597, 269.5568193602746, 249.70516577993055, 218.83511398575806, 200.1624538992633, 178.08133236194485, 147.6698915928049, 128.79890968854167, 101.59201610433661, 80.68977634425696, 56.67267072046293, 27.803046692508385, 0.0, 30.099231044281044, 50.194238871702304], [321.7615542772196, 291.16914751683674, 271.35387258129595, 244.147827399928, 224.60816193475398, 201.1981855733627, 170.5108732710794, 151.68023086697607, 129.8128453197208, 103.61314265280528, 75.63731061669816, 57.41522094306812, 27.96964904415238, 0.0, 30.002713751533857], [342.97732820138333, 315.17798511908137, 297.50776341554626, 266.2269843350914, 247.17065858918036, 224.40074572642433, 200.80835087770458, 174.0860155378319, 151.4724738679359, 124.16423298147927, 100.63694023765613, 74.67608098984083, 52.825028974408426, 30.05634351086492, 0.0]], "adjacency_matrix": [[0, 1, 0, 0, 0, 0, 0, 0, 0, 0, 0, 0, 0, 0, 0], [1, 0, 1, 0, 0, 0, 0, 0, 0, 0, 0, 0, 0, 0, 0], [0, 1, 0, 1, 0, 0, 0, 0, 0, 0, 0, 0, 0, 0, 0], [0, 0, 1, 0, 1, 0, 0, 0, 0, 0, 0, 0, 0, 0, 0], [0, 0, 0, 1, 0, 1, 0, 0, 0, 0, 0, 0, 0, 0, 0], [0, 0, 0, 0, 1, 0, 1, 0, 0, 0, 0, 0, 0, 0, 0], [0, 0, 0, 0, 0, 1, 0, 1, 0, 0, 0, 0, 0, 0, 0], [0, 0, 0, 0, 0, 0, 1, 0, 1, 0, 0, 0, 0, 0, 0], [0, 0, 0, 0, 0, 0, 0, 1, 0, 1, 0, 0, 0, 0, 0], [0, 0, 0, 0, 0, 0, 0, 0, 1, 0, 1, 0, 0, 0, 0], [0, 0, 0, 0, 0, 0, 0, 0, 0, 1, 0, 1, 0, 0, 0], [0, 0, 0, 0, 0, 0, 0, 0, 0, 0, 1, 0, 1, 0, 0], [0, 0, 0, 0, 0, 0, 0, 0, 0, 0, 0, 1, 0, 1, 0], [0, 0, 0, 0, 0, 0, 0, 0, 0, 0, 0, 0, 1, 0, 1], [0, 0, 0, 0, 0, 0, 0, 0, 0, 0, 0, 0, 0, 1, 0]], "physical_distances": [[0.0, 58.72247840421452, 118.63454428342719, 178.88929245415127, 238.67422080751516, 298.60001387751976, 358.6964954961056, 418.6000620416879, 478.6185024063518, 538.6141733878032, 598.6016229204234, 658.6000100304333, 718.6059176682812, 778.6055568241203, 838.2031903642868], [58.72247840421452, 0.0, 59.914102275053935, 120.17314007719042, 179.95539647044512, 239.87994733074768, 299.977053080671, 359.8798423175356, 419.8980114641845, 479.8936971429947, 539.8812336322288, 599.8796460795069, 659.8856191269932, 719.8852350858842, 779.482835447431], [118.63454428342719, 59.914102275053935, 0.0, 60.261327036351446, 120.04135141314146, 179.96594816272093, 240.06296425738284, 299.9659235431571, 359.98421021097994, 419.9798969216994, 479.96740254036933, 539.9658098047995, 599.971761928699, 659.9713900538111, 719.5690061150434], [178.88929245415127, 120.17314007719042, 60.261327036351446, 0.0, 59.78688989432748, 119.71412723203363, 179.80853426472137, 239.7131430589071, 299.73188087996084, 359.7272839627556, 419.7143917995676, 479.71261568297825, 539.7183211474991, 599.7179320645996, 659.3155655885781], [238.67422080751516, 179.95539647044512, 120.04135141314146, 59.78688989432748, 0.0, 59.92724636792732, 120.02232827927544, 179.92651203511215, 239.94521538785818, 299.94071981843456, 359.9279596240604, 419.926261057537, 479.9320621985456, 539.9316957583894, 599.5293378805717], [298.60001387751976, 239.87994733074768, 179.96594816272093, 119.71412723203363, 59.92724636792732, 0.0, 60.09771339353593, 120.00004820602442, 180.01855763985589, 240.0141957335561, 300.0016128247416, 359.9999963156523, 420.0059083398248, 480.00554629066886, 539.6031778815956], [358.6964954961056, 299.977053080671, 240.06296425738284, 179.80853426472137, 120.02232827927544, 60.09771339353593, 0.0, 59.90527257713439, 119.92382325452763, 179.9188932179018, 239.90587024079113, 299.904081795818, 359.9098111681632, 419.90943371332986, 479.50707294370204], [418.6000620416879, 359.8798423175356, 299.9659235431571, 239.7131430589071, 179.92651203511215, 120.00004820602442, 59.90527257713439, 0.0, 60.018743580652696, 120.01421851435828, 180.00157117685626, 239.99994862848075, 300.0058633954043, 360.0055001156923, 419.6031302894254], [478.6185024063518, 419.8980114641845, 359.98421021097994, 299.73188087996084, 239.94521538785818, 180.01855763985589, 119.92382325452763, 60.018743580652696, 0.0, 59.99568779008379, 119.98323127998478, 179.98164277218504, 239.98763258523567, 299.98723204457707, 359.5848245386657], [538.6141733878032, 479.8936971429947, 419.9798969216994, 359.7272839627556, 299.94071981843456, 240.0141957335561, 179.9188932179018, 120.01421851435828, 59.99568779008379, 0.0, 59.98757507319365, 119.98597361316743, 179.9919740292287, 239.99155748007192, 299.58914139781615], [598.6016229204234, 539.8812336322288, 479.96740254036933, 419.7143917995676, 359.9279596240604, 300.0016128247416, 239.90587024079113, 180.00157117685626, 119.98323127998478, 59.98757507319365, 0.0, 59.99841270411025, 120.00440331426319, 180.00400249698225, 239.60160533139378], [658.6000100304333, 599.8796460795069, 539.9658098047995, 479.71261568297825, 419.926261057537, 359.9999963156523, 299.904081795818, 239.99994862848075, 179.98164277218504, 119.98597361316743, 59.99841270411025, 0.0, 60.006005907618814, 120.00558982517688, 179.60319631096297], [718.6059176682812, 659.8856191269932, 599.971761928699, 539.7183211474991, 479.9320621985456, 420.0059083398248, 359.9098111681632, 300.0058633954043, 239.98763258523567, 179.9919740292287, 120.00440331426319, 60.006005907618814, 0.0, 59.99964034040826, 119.59728056385966], [778.6055568241203, 719.8852350858842, 659.9713900538111, 599.7179320645996, 539.9316957583894, 480.00554629066886, 419.90943371332986, 360.0055001156923, 299.98723204457707, 239.99155748007192, 180.00400249698225, 120.00558982517688, 59.99964034040826, 0.0, 59.597642281918674], [838.2031903642868, 779.482835447431, 719.5690061150434, 659.3155655885781, 599.5293378805717, 539.6031778815956, 479.50707294370204, 419.6031302894254, 359.5848245386657, 299.58914139781615, 239.60160533139378, 179.60319631096297, 119.59728056385966, 59.597642281918674, 0.0]], "communication_quality": [[99999.99999999999, 0.030585304526589092, 0.017289114617227312, 0.012366557961381362, 0.009660258926348926, 0.008139048756589955, 0.0068331560804612826, 0.0057952076873796585, 0.00505944996445336, 0.00452239556955574, 0.004045644500415692, 0.003680468693624216, 0.003390721147967703, 0.003182944669078637, 0.002939386661843588], [0.0364898126575852, 99999.99999999999, 0.03314456119610676, 0.017905928750205174, 0.01277219363093966, 0.009459194387342683, 0.007982082905259725, 0.006649424558551657, 0.005807482897705517, 0.004958429798587767, 0.004561047815428058, 0.004007842773714594, 0.0037274217988843444, 0.0034356973729444333, 0.0031550426166894515], [0.018908306196033713, 0.034829569298435045, 99999.99999999999, 0.03167456698578242, 0.01743004907911955, 0.013253224338142298, 0.00946992551962062, 0.008053241458894193, 0.0065541941451509305, 0.0056686094831899635, 0.005074505566650663, 0.0044993792855468695, 0.004106747324767248, 0.003720270204145966, 0.003427890468304236], [0.012255086443614041, 0.01903136029816599, 0.03417153684767776, 99999.99999999999, 0.03201082608855763, 0.017846363118133587, 0.012486849892692335, 0.009896368123901813, 0.008013209822916159, 0.006569020650543635, 0.0056969366566096665, 0.004999660155129143, 0.004457035081356323, 0.004046005761254583, 0.003750081069212563], [0.009489051375670398, 0.012150464979332202, 0.019296423251216305, 0.032063573289758555, 99999.99999999999, 0.03377258483371528, 0.01950189363791815, 0.012751491452085633, 0.009459082097797339, 0.008040179153784011, 0.006684656305698687, 0.005809235119614013, 0.00511286328937377, 0.00451180227381611, 0.004032246759547078], [0.007708514697867706, 0.010014567699052741, 0.012805737899033633, 0.018406193565032036, 0.031159450674533823, 99999.99999999999, 0.03499472393357808, 0.017506561154622065, 0.012888764000063604, 0.009507530956242278, 0.007975344267518303, 0.0068178112166186085, 0.005662853649326395, 0.005024123983332854, 0.004453262379422943], [0.006696251527105637, 0.007791696420409583, 0.009960331024717302, 0.01339355528678074, 0.01835750792476403, 0.03645021839849448, 99999.99999999999, 0.036115734737292446, 0.019835578498153886, 0.012306698025188483, 0.009813355081991923, 0.007677201812788909, 0.006798360727816067, 0.005659189176215903, 0.005071969571647182], [0.005804505067368236, 0.006695916978837178, 0.007824835425391377, 0.009752663934510719, 0.013018751981485145, 0.017380212716603345, 0.03238213173427272, 99999.99999999999, 0.03569362138804889, 0.017486426345771605, 0.013257099175125478, 0.009992405771453486, 0.008088220990022576, 0.0067189352834779795, 0.005765487648696571], [0.004972827425964722, 0.005855551533685384, 0.006657156658397809, 0.007810392427105058, 0.00965670927892543, 0.012994216466856808, 0.01914968136804333, 0.03146401503498259, 99999.99999999999, 0.030025936653589765, 0.017499317452781264, 0.012330773973048192, 0.00951322820676556, 0.008131448158623293, 0.0065018703120207685], [0.004503663171914485, 0.005067786076751856, 0.005653653928118665, 0.0066254243782957745, 0.007810265838597647, 0.010041051847906301, 0.012340611032093276, 0.01822557474519898, 0.0378836330146194, 99999.99999999999, 0.035563077789976624, 0.018813185931884278, 0.013119334329827858, 0.009928920559123373, 0.007696816638475925], [0.004095308681067316, 0.004522421167639586, 0.004974935750854774, 0.005781718341526093, 0.00681362056454198, 0.008054448217297542, 0.009464827389077867, 0.013426053994953871, 0.018850043182516745, 0.030534305635655342, 99999.99999999999, 0.03392150765902026, 0.017350231447120664, 0.012202670209821295, 0.009478419097961988], [0.0036730263418924547, 0.004005247224576736, 0.004470495938930319, 0.005089494544165724, 0.005610944805619874, 0.006666773175466941, 0.0077432629803441495, 0.009535584244102573, 0.013137482839520619, 0.017678081148209814, 0.029458946256122498, 99999.99999999999, 0.030255216110368258, 0.017738209452405448, 0.012576846760446573], [0.003406997231946927, 0.0037097928565684975, 0.004004722757053771, 0.004569650345824195, 0.0049959416991553155, 0.005615411399850809, 0.006771860678538735, 0.007764040276255228, 0.009843292218357613, 0.012393142246449563, 0.017645186133553193, 0.0359672683136834, 99999.99999999999, 0.033223429073471714, 0.019922601144127562], [0.0031078914047621663, 0.003434429692101491, 0.0036852245874919674, 0.004095878999583123, 0.004452197760153127, 0.004970223501012319, 0.005864728284881341, 0.006592816534864303, 0.007703397306353547, 0.009651284363008189, 0.013220986569151867, 0.01741698123606925, 0.03575302789431286, 99999.99999999999, 0.033330307217486414], [0.002915644529880974, 0.003172810334116687, 0.003361256711108662, 0.003756193103173197, 0.004045787494559433, 0.004456312977925702, 0.004979872330161669, 0.005744286463606366, 0.0066018591262546975, 0.008053848483167276, 0.009936708114052346, 0.013391166928328414, 0.018930416700392007, 0.03327083571992574, 99999.99999999999]], "binary_threshold": 0.02}, "global_features": {"formation_type": "line_to_wolf_pack", "cluster_centroid": [919.1107900137848, 499.95589275202127], "cluster_radius": 223.8503463705196, "velocity_coherence": 0.8237470676672677, "connectivity_density": 0.24}}
{"metadata": {"episode_id": 6, "frame_id": 1, "timestamp": 0.1, "transformation_progress": 0.0125, "start_formation": "line", "target_formation": "wolf_pack", "current_formation": "line_to_wolf_pack"}, "node_features": {"positions": [[500.82842748462343, 500.14976830738175], [558.6876099993021, 500.0322064665983], [616.347594184334, 500.813752141614], [677.5930577436834, 498.76864330632617], [737.1788437331567, 499.01329864669833], [796.2765670774485, 499.9821763887928], [857.1944361455711, 499.22317629870577], [916.7917012008155, 499.57438906651896], [976.6541793152019, 500.0067062511378], [1037.0650379571136, 500.63159052761677], [1096.220343315361, 500.3306158228824], [1156.2173041884662, 499.8413504907228], [1217.013616451447, 499.7124851762701], [1276.2159467482934, 499.70260043624387], [1335.4106504359454, 499.86058253192374]], "velocities": [[4.284274846234625, 1.4976830738177673], [-4.329392451058707, -4.437834161604503], [-26.86666256035809, 5.542389377782888], [-16.948569410238854, -5.292637484418273], [-18.950788003877207, -6.09367911736829], [-27.234467537514195, -0.12564123738767563], [-19.01803956191581, -3.487839293828408], [-22.083606930178995, -4.1448511504206085], [-23.64284869221605, -1.8457219182034248], [-19.49109350360976, 4.639764809488905], [-27.812769005868265, 2.7371409359151175], [-27.827058267603974, -1.6312503746741824], [-19.922930176138784, -1.789606147043907], [-27.896029678419442, -1.9219199310907364], [-31.925361327323472, -0.5964915898238948]], "speeds": [4.5385091767758885, 6.199839598020908, 27.432383001611576, 17.7557319363397, 19.90641331715351, 27.234757347412643, 19.335223084261745, 22.469211960053087, 23.714784074124704, 20.035721685375606, 27.947129732350845, 27.874830037392183, 20.003145676738914, 27.962157428223993, 31.930933248135606], "headings": [0.3362977504707894, -2.3438261340847637, 2.938154056772717, -2.838911545592946, -2.830481773202365, -3.1369793691223102, -2.960211899465932, -2.9560620828161897, -3.0636838510623474, 2.907896654137331, 3.0434954306074724, -3.0830386502644087, -3.052006634831121, -3.072805528664145, -3.12291088555723]}, "edge_features": {"distance_matrix": [[0.0, 31.87154084495716, 50.46545319514429, 78.88295199809538, 98.232903421924, 120.78110787825672, 148.45799298094258, 172.76216449239587, 197.6982397104856, 218.37577954911455, 240.69740596888033, 266.30809029492906, 293.1953024488764, 320.65860123153504, 340.2775975084004], [31.98433190881304, 0.0, 27.029061110505104, 51.72571699499492, 76.743434937456, 105.12684486359733, 125.0046471629619, 150.22257667610154, 171.90017236057048, 201.12849004590444, 222.66029625627976, 248.7210331826197, 270.7451047244378, 295.810592450198, 315.9512016506466], [48.89990176090292, 29.531467528489483, 0.0, 27.554452148548854, 55.419872492160614, 74.85331666580772, 105.9597523002575, 124.86064868626991, 152.37446564386656, 172.55798843540595, 199.61134694321336, 222.40403737401877, 245.5025260616488, 272.6653305348588, 297.1628274968229], [80.54813386260032, 56.81195553046037, 34.45322223290242, 0.0, 29.91218426785646, 57.733009711396754, 77.84838759980802, 100.5762358381329, 127.24627342207397, 152.84631774586842, 171.52124725764733, 198.04944224598992, 219.18450846783577, 246.51648808784145, 267.97968179349357], [98.36910299616694, 78.88884154405554, 58.34856313202493, 31.284667253155444, 0.0, 32.79612575778346, 52.02809091768627, 77.86426722323161, 100.39521172293664, 123.23334283860281, 148.8165428516634, 176.43696468828145, 201.76918100097276, 222.79933016613995, 242.31078504328562], [125.7024561188881, 103.50010134498554, 76.13274017072975, 53.464403961161715, 31.770720110112116, 0.0, 27.539278241837003, 58.26114411033561, 82.2236705946991, 99.70540638897057, 123.9376588178015, 151.31115942385713, 174.4055680622963, 196.53888271457066, 218.8329225095007], [145.7985976722301, 127.1367133619107, 105.47254372389489, 76.62872093558956, 53.188257893185856, 33.617511926809556, 0.0, 30.643035189426918, 50.0832548091101, 81.67390122410009, 105.25182290820034, 127.04346033696727, 146.88795487568208, 176.205344186518, 200.38487145529095], [173.4816253449764, 151.62175883628748, 127.60563775247896, 99.4271373657202, 79.5507836919443, 51.95503164383782, 26.106721647562654, 0.0, 31.354710522435294, 52.512796756581885, 76.44910598049849, 104.25062107886596, 125.10113623019151, 147.90272014124682, 172.14093568782917], [198.35587476114472, 177.2370333784722, 152.97441167081823, 124.91989053520945, 100.47369101781513, 79.3758441174716, 51.47695086615206, 27.927682672865885, 0.0, 26.581443458602973, 55.87492968463251, 78.48214350208934, 105.18456942444607, 125.11976520090697, 147.81443382351384], [223.6650874878316, 194.2316425078967, 176.0089041955203, 146.3719743941993, 125.45970093792039, 104.247999553883, 76.6726782683841, 52.74676342763029, 30.519990718215002, 0.0, 31.903516513881865, 53.358272263120334, 80.46432028455284, 100.91513966882177, 129.40491730400075], [246.54635932206224, 220.59606346491395, 198.93376160182422, 174.52713834268425, 153.35405470404413, 125.98214697948647, 100.00463197147579, 75.28090814863658, 50.99051894556488, 26.325718410370108, 0.0, 26.562665320065044, 54.850722482674925, 76.30712712562402, 101.76419171151012], [269.34032549944794, 245.87743597481258, 220.27221089523994, 200.7111416861241, 175.12185506332494, 151.01628994274498, 128.2267916182431, 100.52142056685288, 75.83793796160295, 54.42898629746156, 29.12707197118506, 0.0, 30.42179197018863, 52.4609597251545, 78.18967771158914], [290.4111380387177, 269.6467048969121, 246.2960394735923, 222.70616744769075, 199.56018101939188, 174.63519281208417, 149.19498486171636, 126.37896359596125, 98.5908666772487, 75.37809910270617, 54.39315077112458, 28.6897393685959, 0.0, 26.73405907184488, 57.09678099129692], [318.07724181957644, 292.94789112267625, 269.88647031352457, 242.5595943964212, 220.25869585546224, 201.89933693739306, 171.43400684051917, 153.36256383004206, 127.56117815677364, 105.69648012197823, 74.2437633280927, 52.17592717862437, 33.48570444951649, 0.0, 29.236624151365966], [341.26237232380157, 318.41869666497814, 291.3719738024541, 269.9481963342928, 249.11887244370206, 218.26744540735373, 194.88116443859406, 176.09086460891018, 146.53670739333506, 124.78280784836642, 99.41974200175646, 74.7792536427922, 56.552605986502044, 28.023302052945702, 0.0]], "adjacency_matrix": [[0, 1, 0, 0, 0, 0, 0, 0, 0, 0, 0, 0, 0, 0, 0], [1, 0, 1, 0, 0, 0, 0, 0, 0, 0, 0, 0, 0, 0, 0], [1, 1, 0, 1, 0, 0, 0, 0, 0, 0, 0, 0, 0, 0, 0], [0, 0, 1, 0, 1, 0, 0, 0, 0, 0, 0, 0, 0, 0, 0], [0, 0, 0, 1, 0, 1, 0, 0, 0, 0, 0, 0, 0, 0, 0], [0, 0, 0, 0, 1, 0, 1, 0, 0, 0, 0, 0, 0, 0, 0], [0, 0, 0, 0, 0, 1, 0, 1, 0, 0, 0, 0, 0, 0, 0], [0, 0, 0, 0, 0, 0, 1, 0, 1, 0, 0, 0, 0, 0, 0], [0, 0, 0, 0, 0, 0, 0, 1, 0, 1, 0, 0, 0, 0, 0], [0, 0, 0, 0, 0, 0, 0, 0, 1, 0, 1, 0, 0, 0, 0], [0, 0, 0, 0, 0, 0, 0, 0, 0, 1, 0, 1, 0, 0, 0], [0, 0, 0, 0, 0, 0, 0, 0, 0, 0, 1, 0, 1, 0, 0], [0, 0, 0, 0, 0, 0, 0, 0, 0, 0, 0, 1, 0, 1, 0], [0, 0, 0, 0, 0, 0, 0, 0, 0, 0, 0, 0, 1, 0, 1], [0, 0, 0, 0, 0, 0, 0, 0, 0, 0, 0, 0, 0, 1, 0]], "physical_distances": [[0.0, 57.85930194923986, 115.52107491504583, 176.7700257874358, 236.3531485386742, 295.44818712578456, 356.36721328102726, 415.96367166131535, 475.8257733371398, 536.2368269372005, 595.3919432965314, 655.3889492726241, 716.1853224633841, 775.3876482050595, 834.5822730532818], [57.85930194923986, 0.0, 57.66528062760342, 118.91216125843387, 178.49414190101294, 237.58896234566527, 298.50792248402956, 358.10438384922577, 417.96657009378606, 478.3778034574595, 537.5328161464911, 597.5297246696598, 658.3260840897411, 717.5284124534087, 776.7230593975682], [115.52107491504583, 57.66528062760342, 0.0, 61.27959918886361, 120.84466268858225, 179.9308945251032, 240.85209406233773, 300.4466632561642, 360.30748897537046, 420.7174832088104, 479.8729923420073, 539.8705857378382, 600.6670318030821, 659.869288096958, 719.0636879986453], [176.7700257874358, 118.91216125843387, 61.27959918886361, 0.0, 59.586288256769954, 118.68971332984229, 179.6019535642617, 239.2000005392188, 299.0636842471347, 359.4768075007261, 418.6301995595319, 478.62544853521905, 539.4213844426928, 598.6236175729672, 657.8184989696741], [236.3531485386742, 178.49414190101294, 120.84466268858225, 59.586288256769954, 0.0, 59.105664944720644, 120.01577592438254, 179.61373385728817, 239.47739603311567, 299.89056062960816, 359.0439161812671, 419.0392786011979, 479.8352821244145, 539.0375437424634, 598.232406712362], [295.44818712578456, 237.58896234566527, 179.9308945251032, 118.68971332984229, 59.105664944720644, 0.0, 60.922597227446595, 120.5158240368183, 180.37761390568252, 240.78934662333188, 299.94397862583975, 359.9407646599039, 420.73713580962703, 479.93946110061495, 539.1340970703603], [356.36721328102726, 298.50792248402956, 240.85209406233773, 179.6019535642617, 120.01577592438254, 60.922597227446595, 0.0, 59.59829991260935, 119.46231270714837, 179.87611577607154, 239.0284726149602, 299.0235070223248, 359.81951300502044, 419.0217848695828, 478.2166390841324], [415.96367166131535, 358.10438384922577, 300.4466632561642, 239.2000005392188, 179.61373385728817, 120.5158240368183, 59.59829991260935, 0.0, 59.86403915660472, 120.27798306183574, 179.43023571844498, 239.42575181964477, 300.2219470113617, 359.4242684148206, 418.6190470647793], [475.8257733371398, 417.96657009378606, 360.30748897537046, 299.0636842471347, 239.47739603311567, 180.37761390568252, 119.46231270714837, 59.86403915660472, 0.0, 60.414090427747375, 119.56660274141622, 179.56320100950254, 240.35961721240417, 299.5619217924472, 358.7565008792875], [536.2368269372005, 478.3778034574595, 420.7174832088104, 359.4768075007261, 299.89056062960816, 240.78934662333188, 179.87611577607154, 120.27798306183574, 60.414090427747375, 0.0, 59.15607101388995, 119.15488671214045, 179.95092569025067, 239.15271313166622, 298.34660872665984], [595.3919432965314, 537.5328161464911, 479.8729923420073, 418.6301995595319, 359.0439161812671, 299.94397862583975, 239.0284726149602, 179.43023571844498, 119.56660274141622, 59.15607101388995, 0.0, 59.99895577903132, 120.79485469350641, 179.99669902115227, 239.1907689517596], [655.3889492726241, 597.5297246696598, 539.8705857378382, 478.62544853521905, 419.0392786011979, 359.9407646599039, 299.0235070223248, 239.42575181964477, 179.56320100950254, 119.15488671214045, 59.99895577903132, 0.0, 60.796448835825416, 119.99872277561454, 179.19334727952483], [716.1853224633841, 658.3260840897411, 600.6670318030821, 539.4213844426928, 479.8352821244145, 420.73713580962703, 359.81951300502044, 300.2219470113617, 240.35961721240417, 179.95092569025067, 120.79485469350641, 60.796448835825416, 0.0, 59.202331122051135, 118.3971266085171], [775.3876482050595, 717.5284124534087, 659.869288096958, 598.6236175729672, 539.0375437424634, 479.93946110061495, 419.0217848695828, 359.4242684148206, 299.5619217924472, 239.15271313166622, 179.99669902115227, 119.99872277561454, 59.202331122051135, 0.0, 59.1949145029493], [834.5822730532818, 776.7230593975682, 719.0636879986453, 657.8184989696741, 598.232406712362, 539.1340970703603, 478.2166390841324, 418.6190470647793, 358.7565008792875, 298.34660872665984, 239.1907689517596, 179.19334727952483, 118.3971266085171, 59.1949145029493, 0.0]], "communication_quality": [[99999.99999999999, 0.031375944172425604, 0.01981553198339054, 0.012677008756645635, 0.010179887424338736, 0.008279439845953125, 0.0067359117051329935, 0.0057883040829867245, 0.005058213724524247, 0.004579262206972314, 0.004154593832986099, 0.0037550491287817642, 0.003410695729231234, 0.003118581460074806, 0.002938776980719524], [0.03126529859050993, 99999.99999999999, 0.03699720186134479, 0.019332739394784377, 0.013030428863533231, 0.009512317297968302, 0.007999701952674878, 0.006656788583704284, 0.005817329488938195, 0.004971945794712164, 0.004491146252394938, 0.004020568534145963, 0.003693510780491061, 0.003380541440087016, 0.003165045624530535], [0.020449934652019816, 0.03386217296561895, 99999.99999999999, 0.03629176264116136, 0.01804406568601899, 0.013359459686603218, 0.009437544765024163, 0.008008927796165497, 0.006562778941646533, 0.005795152986630941, 0.005009734993608034, 0.004496321050840822, 0.004073277677868416, 0.003667499499710545, 0.0033651583368350746], [0.012414935367173799, 0.017601925767976447, 0.029024852972865983, 99999.99999999999, 0.03343118164602844, 0.01732111025889393, 0.012845479558110596, 0.009942705572938136, 0.007858775699428605, 0.006542518978033026, 0.005830181144823754, 0.00504924395730182, 0.004562366023797182, 0.004056523631305476, 0.0037316260545989612], [0.010165792590190032, 0.012676062338688619, 0.017138379677893865, 0.03196452985300137, 99999.99999999999, 0.030491397138538538, 0.01922038249257072, 0.012842859853859141, 0.009960633413009701, 0.008114686300142199, 0.006719682594696135, 0.005667746240643389, 0.0049561580489024155, 0.00448834363357767, 0.004126931281874434], [0.007955293407324326, 0.00966182535462991, 0.0131349517488528, 0.018704029950210106, 0.03147551209979012, 99999.99999999999, 0.03631175908463839, 0.017164095275321686, 0.01216194644617343, 0.010029545397000319, 0.008068571964751747, 0.006608897438356131, 0.005733761563766085, 0.0050880514598821884, 0.004569696108041621], [0.006858776060798196, 0.007865547998695656, 0.009481139544774758, 0.013049935550160058, 0.018801138664794038, 0.029746392437168676, 99999.99999999999, 0.03263383236940956, 0.01996674944837264, 0.012243811824514693, 0.009501022190009657, 0.007871321503951539, 0.006807909693938133, 0.005675196446876828, 0.004990396444769292], [0.005764298901214834, 0.0065953590152331145, 0.007836643734920998, 0.010057615314273544, 0.012570584824991692, 0.01924741022931325, 0.038304296895523525, 99999.99999999999, 0.031893124331453325, 0.019042973738490208, 0.01308059599086916, 0.009592268072156768, 0.00799353187507936, 0.006761200412223642, 0.00580919313533609], [0.005041443571004588, 0.005642161372916827, 0.006537040565852732, 0.008005129652806149, 0.009952853232933946, 0.012598289632512914, 0.019426166253290522, 0.03580675323642417, 99999.99999999999, 0.037620215221013595, 0.017897111041983525, 0.012741750262668034, 0.009507097004825679, 0.007992341725313068, 0.0067652387285911724], [0.004470970264166515, 0.005148491438383576, 0.00568153041890336, 0.006831908470318107, 0.007970686306577074, 0.009592509288948359, 0.01304245387222648, 0.018958505611191962, 0.03276539896682172, 99999.99999999999, 0.031344497278847215, 0.01874123299301129, 0.012427867061884628, 0.009909314937169983, 0.007727681015196424], [0.004056032148231334, 0.00453317225593796, 0.005026798576973393, 0.005729767600605603, 0.006520857480562293, 0.007937631994686587, 0.00999953582439932, 0.01328357868889928, 0.01961148512633696, 0.037985653593770444, 99999.99999999999, 0.03764681034385927, 0.01823129709919295, 0.013104934055561611, 0.009826638279292808], [0.003712774761885042, 0.00406706681060303, 0.0045398370976410755, 0.004982284200948729, 0.005710309216033047, 0.0066218017550365845, 0.007798681612422966, 0.00994812742278811, 0.013186010788507938, 0.01837255999605191, 0.03433230973803979, 99999.99999999999, 0.03287116262803678, 0.019061790226887667, 0.01278941033360569], [0.0034433939838517487, 0.0037085562135711807, 0.00406015444477204, 0.004490221202933987, 0.005011019456795504, 0.005726222341758023, 0.006702637718690664, 0.00791270866937914, 0.01014292634067595, 0.013266451120940876, 0.018384664281743023, 0.03485565478988152, 99999.99999999999, 0.03740545434040025, 0.017514119141169016], [0.0031438903419828087, 0.0034135762576473806, 0.0037052615560375962, 0.004122698016796214, 0.004540115661336075, 0.004952963024244402, 0.005833148043951366, 0.006520495679136228, 0.007839375083046362, 0.009461052101597296, 0.013469143002482814, 0.019165923106977435, 0.029863481082585627, 99999.99999999999, 0.03420366362361445], [0.002930296604010592, 0.003140519005537393, 0.003432038959099051, 0.0037044143155433346, 0.004014147744203968, 0.00458153506272245, 0.005131331966162254, 0.005678885985551236, 0.006824228205657096, 0.008013923849797815, 0.010058363452589711, 0.01337269118852025, 0.017682647965191912, 0.03568457568865004, 99999.99999999999]], "binary_threshold": 0.02}, "global_features": {"formation_type": "line_to_wolf_pack", "cluster_centroid": [917.0463543987177, 499.8428894572956], "cluster_radius": 223.40489835180333, "velocity_coherence": 0.8404642846630691, "connectivity_density": 0.24}}
