{"metadata": {"episode_id": 13, "frame_id": 0, "timestamp": 0.0, "transformation_progress": 0.0, "start_formation": "wolf_pack", "target_formation": "line", "current_formation": "wolf_pack_to_line"}, "node_features": {"positions": [[499.788671596292, 500.33961788201776], [544.8792455831056, 439.984440878856], [423.09916013894076, 574.7106357742592], [463.311457775723, 591.984132785769], [324.5116952776938, 524.3560216810299], [427.5700912829252, 395.562298183179], [605.934354819046, 412.6057582451971], [677.8859924792672, 488.6677095915615], [628.0891257410699, 373.56641709148147], [448.43533208463305, 599.4216848125017], [665.4582234040829, 498.63340187786116], [408.1998737624325, 564.8375500998483], [619.7286201452603, 468.4983660923748], [479.26631438110263, 604.9031312433634], [546.3732787561911, 434.99043757575856]], "velocities": [[-2.1132840370800947, 3.3961788201775334], [5.129214838518235, 17.025833992380324], [18.805724201715684, -1.4439053840709093], [12.243980814654032, -13.400300740783432], [13.55643672661273, 1.2172613209171246], [-11.975295065412306, -16.519414387411462], [6.447916875851793, 13.71698668843608], [12.451338339926, -6.419052660939401], [10.761279390920185, 0.0754306379627292], [3.985637297365553, -1.992020348010087], [1.7554866893488459, 1.552296587108717], [7.7870819054808464, -5.016296282279954], [8.844011220466012, -3.315536958118236], [14.172697937589106, -1.1262301894666238], [15.280407823154764, -6.252957837534304]], "speeds": [4.000000000000001, 17.781672249700502, 18.861074346631053, 18.151670064571388, 13.610977255364707, 20.403400295213178, 15.156891364941128, 14.008571073425882, 10.761543751274116, 4.455721011580239, 2.343364719976458, 9.262930043689357, 9.445068543339252, 14.217375329849336, 16.510310262375782], "headings": [2.127418166992071, 1.2781833192535415, -0.07662975379682538, -0.8304583929456545, 0.08955197000075833, -2.198053713948276, 1.13137972182938, -0.47599518156675596, 0.007009334103962381, -0.4634873606752383, 0.7240473762028383, -0.572274203464763, -0.35867478277341, -0.07929813735391647, -0.3884242156426476]}, "edge_features": {"distance_matrix": [[0.0, 37.95285842713017, 46.95689588117808, 48.75746435252634, 76.49739224182683, 55.91864179064376, 59.612334738789045, 76.59274854477692, 80.87844096652708, 54.95241803219721, 69.90045853459266, 50.31016593880026, 57.79068899893814, 52.50800840714456, 41.6807994132872], [32.71137773637098, 0.0, 82.49816147632372, 74.28849286988061, 96.9491808486304, 55.355617886987545, 30.34410073141593, 61.92274998603669, 46.61786693045283, 77.52371464578971, 59.61946929169416, 81.88041587217447, 36.447942810889515, 76.67218431411862, 4.334549008871274], [50.35871981942489, 75.49635417514797, 0.0, 20.918708941526134, 53.03828092227187, 81.71239229039703, 103.56862597639703, 117.89627572403836, 123.62606614857468, 19.081570680489417, 108.5151749558593, 12.964418762727826, 94.38981434501021, 28.914927484314514, 82.55218461983668], [48.91660936030069, 71.99740320834023, 22.864487288808196, 0.0, 66.84301935754377, 89.7759027418363, 94.54273289722123, 101.38587003203993, 111.92398090949804, 9.393363148206133, 98.80201365223115, 34.138570042291875, 88.64304102095376, 11.874738500974448, 79.62872933590731], [75.66894403035002, 99.07817318366742, 50.671892151909574, 64.17964035278803, 0.0, 73.3406338490309, 128.21201086272643, 145.36883797175824, 140.53060570571495, 65.48440508003839, 147.04915483701754, 45.331522596062285, 125.05446831453008, 75.24749635188941, 100.39401232959655], [58.78220478154164, 53.47427771743702, 80.62586256973353, 89.26526001609861, 74.43213244148848, 0.0, 75.58902729799304, 117.28896272786393, 86.74363484207628, 90.02915757401556, 106.09333992859278, 72.58476603029175, 86.30108869670343, 93.6532410555652, 58.751018116126644], [60.22186160639272, 34.10084268150795, 102.42142740751572, 95.66956790782324, 124.69898370178507, 74.68720350400854, 0.0, 49.32048795221701, 26.493755967181333, 106.65992683372734, 51.43832011264577, 104.63789528079768, 32.68677902353821, 99.2174812032562, 28.48292471191383], [78.95527834445188, 65.15465575189428, 113.83144936668835, 103.95230359499244, 145.35869492401247, 112.43885870958037, 49.85185807009593, 0.0, 52.72739670302187, 108.48660435974514, 12.930390264734331, 116.54049534055432, 28.021856226464845, 94.79631717798624, 64.811819388143], [76.51109002684035, 48.44686298830498, 123.85530997986858, 116.09399862653665, 143.53391177740443, 90.66695502417707, 24.58736704697279, 53.8619853871958, 0.0, 122.28657098572836, 60.70844434854135, 119.31874861683534, 43.654743387148024, 112.90360275770894, 44.25443008950977], [53.982538422211626, 82.63484001557134, 23.35970003276503, 14.731107076847822, 67.26361750410375, 85.44026752596585, 101.11227733683218, 106.00374522862217, 125.03998098162269, 0.0, 101.27699358055492, 31.129831360082196, 90.50749017827627, 17.231665400564495, 80.58556661513558], [72.36998275886322, 61.77702972443394, 106.55268004131635, 98.11358521515054, 140.44343486053126, 109.98330182407203, 46.371852455607765, 12.302251693621223, 54.55142996830503, 103.71162995770831, 0.0, 108.72347977958133, 24.38973848103893, 91.02839821817321, 58.91210071751486], [47.44704876289248, 78.35200326620064, 15.286449372329297, 29.653854234302365, 41.8804366468594, 70.44147306529483, 109.08072519187405, 120.72473310420246, 126.29723784760414, 23.78162983813036, 112.97207294654221, 0.0, 101.5714073037278, 40.99329824436919, 84.44607445920356], [55.123765074225815, 40.54635789736848, 97.82539360521149, 82.7674938395327, 126.8012829886616, 91.81603403496928, 26.288789370964462, 29.480758120123344, 41.85523513878277, 96.25534083329538, 30.188467949621238, 96.58132640837698, 0.0, 85.63899960229026, 41.13514241586332], [49.52188503608389, 76.85284664069117, 30.438926826436735, 15.925186235953156, 73.21002832691704, 92.07576940968664, 100.87555289173676, 102.02765534541568, 118.61496308464268, 15.083233877065501, 92.1179524873388, 39.52932109513124, 87.4764248035539, 0.0, 80.02858966605693], [37.91927431286885, 8.092900343125605, 79.31607211222313, 79.25685749395724, 99.56803183672199, 59.58119961449025, 29.47051810900406, 64.42070630421469, 48.399419674075375, 84.49672588476814, 63.269907793696, 80.8392129597537, 37.85812351382584, 79.84960306295449, 0.0]], "adjacency_matrix": [[0, 1, 1, 1, 0, 0, 0, 0, 0, 0, 0, 0, 0, 0, 1], [1, 0, 0, 0, 0, 0, 1, 0, 1, 0, 0, 0, 1, 0, 1], [0, 0, 0, 1, 0, 0, 0, 0, 0, 1, 0, 1, 0, 1, 0], [1, 0, 1, 0, 0, 0, 0, 0, 0, 1, 0, 1, 0, 1, 0], [0, 0, 0, 0, 0, 0, 0, 0, 0, 0, 0, 1, 0, 0, 0], [0, 0, 0, 0, 0, 0, 0, 0, 0, 0, 0, 0, 0, 0, 0], [0, 1, 0, 0, 0, 0, 0, 1, 1, 0, 0, 0, 1, 0, 1], [0, 0, 0, 0, 0, 0, 1, 0, 0, 0, 1, 0, 1, 0, 0], [0, 1, 0, 0, 0, 0, 1, 0, 0, 0, 0, 0, 1, 0, 1], [0, 0, 1, 1, 0, 0, 0, 0, 0, 0, 0, 1, 0, 1, 0], [0, 0, 0, 0, 0, 0, 1, 1, 0, 0, 0, 0, 1, 0, 0], [1, 0, 1, 1, 1, 0, 0, 0, 0, 1, 0, 0, 0, 1, 0], [0, 1, 0, 0, 0, 0, 1, 1, 1, 0, 1, 0, 0, 0, 1], [1, 0, 1, 1, 0, 0, 0, 0, 0, 1, 0, 1, 0, 0, 0], [1, 1, 0, 0, 0, 0, 1, 0, 1, 0, 0, 0, 1, 0, 0]], "physical_distances": [[0.0, 75.33861727921011, 106.82850495020186, 98.63723556576083, 176.91468587663275, 127.25490193210976, 137.7103343747251, 178.47938017831154, 180.36754412153505, 111.59937932720146, 165.678337658389, 112.02004797815184, 124.09454691266897, 106.55841342726602, 80.25360422399794], [75.33861727921011, 0.0, 181.60819585520431, 172.50278359373414, 235.96699107007734, 125.43828938684796, 66.9127687856902, 141.63634905084604, 106.46707490920859, 186.33749811580512, 134.0857580752504, 185.12036506944023, 80.09664664283939, 177.49149605674927, 5.212696434056761], [106.82850495020186, 181.60819585520431, 0.0, 43.76531252299931, 110.70264399844142, 179.20411849882777, 244.3495441625055, 268.92325128203174, 287.193110479808, 35.39148984476505, 254.01901713077396, 17.873627367254343, 223.48196968291234, 63.76782886624476, 186.3283180450256], [98.63723556576083, 172.50278359373414, 43.76531252299931, 0.0, 154.3986252565231, 199.64714470139492, 229.16782499698343, 238.1522921260408, 273.6018610850605, 16.63178570471197, 222.66044510655163, 61.4347104166489, 199.28638503318177, 20.529441552208684, 177.6127428995031], [176.91468587663275, 235.96699107007734, 110.70264399844142, 154.3986252565231, 0.0, 164.95107213841314, 302.7983399579758, 355.1718591646884, 338.96424758227573, 144.88589144849746, 341.9154693940843, 92.96486089494829, 300.4548392289983, 174.4615401533751, 239.1835484435804], [127.25490193210976, 125.43828938684796, 179.20411849882777, 199.64714470139492, 164.95107213841314, 0.0, 179.1767005993479, 267.07053005762543, 201.72184305381188, 204.92439530372394, 259.25743156355867, 170.3799173560166, 205.53483942288636, 215.62950602584178, 125.17497964756635], [137.7103343747251, 66.9127687856902, 244.3495441625055, 229.16782499698343, 302.7983399579758, 179.1767005993479, 0.0, 104.70176027462227, 44.88768241203313, 244.34838362775324, 104.61284051356884, 249.54647553112443, 57.56965665911504, 230.267392677262, 63.6285757383996], [178.47938017831154, 141.63634905084604, 268.92325128203174, 238.1522921260408, 355.1718591646884, 267.07053005762543, 104.70176027462227, 0.0, 125.4114646758053, 254.78235532072148, 15.929986407129158, 280.236413107948, 61.55552269280556, 230.13137503259023, 142.04521604709632], [180.36754412153505, 106.46707490920859, 287.193110479808, 273.6018610850605, 338.96424758227573, 201.72184305381188, 44.88768241203313, 125.4114646758053, 0.0, 288.59329086533404, 130.5304567666272, 291.4376939553788, 95.2993861204036, 275.0725440600605, 102.22714874684227], [111.59937932720146, 186.33749811580512, 35.39148984476505, 16.63178570471197, 144.88589144849746, 204.92439530372394, 244.34838362775324, 254.78235532072148, 288.59329086533404, 0.0, 239.28479545003876, 53.05614460381092, 215.59755545764645, 31.31446509745341, 191.38828717053687], [165.678337658389, 134.0857580752504, 254.01901713077396, 222.66044510655163, 341.9154693940843, 259.25743156355867, 104.61284051356884, 15.929986407129158, 130.5304567666272, 239.28479545003876, 0.0, 265.64044816658566, 54.76602045065778, 214.38442659166932, 135.02463088988677], [112.02004797815184, 185.12036506944023, 17.873627367254343, 61.4347104166489, 92.96486089494829, 170.3799173560166, 249.54647553112443, 280.236413107948, 291.4376939553788, 53.05614460381092, 265.64044816658566, 0.0, 232.43418191289442, 81.58241093872235, 189.61055476532115], [124.09454691266897, 80.09664664283939, 223.48196968291234, 199.28638503318177, 300.4548392289983, 205.53483942288636, 57.56965665911504, 61.55552269280556, 95.2993861204036, 215.59755545764645, 54.76602045065778, 232.43418191289442, 0.0, 195.7956059171913, 80.64606241957227], [106.55841342726602, 177.49149605674927, 63.76782886624476, 20.529441552208684, 174.4615401533751, 215.62950602584178, 230.267392677262, 230.13137503259023, 275.0725440600605, 31.31446509745341, 214.38442659166932, 81.58241093872235, 195.7956059171913, 0.0, 182.68461384862363], [80.25360422399794, 5.212696434056761, 186.3283180450256, 177.6127428995031, 239.1835484435804, 125.17497964756635, 63.6285757383996, 142.04521604709632, 102.22714874684227, 191.38828717053687, 135.02463088988677, 189.61055476532115, 80.64606241957227, 182.68461384862363, 0.0]], "communication_quality": [[99999.99999999999, 0.026348469600394196, 0.021296122076919763, 0.0205096759682382, 0.013072339330409646, 0.017883120711564057, 0.016775048932932038, 0.013056064554919896, 0.012364232846322279, 0.01819755806629853, 0.01430605575276102, 0.01987669455214087, 0.017303822541035095, 0.01904471031921353, 0.02399185654204727], [0.030570393651875697, 99999.99999999999, 0.01212148078078302, 0.013461033152755028, 0.01031468123917949, 0.018065010517838785, 0.03295532397872111, 0.016149150978178227, 0.021450998326068265, 0.012899277022215543, 0.01677304149382791, 0.012212931104695577, 0.027436383195196385, 0.013042537897155987, 0.23070397656448138], [0.019857530235289404, 0.013245670979334151, 99999.99999999999, 0.04780407456093698, 0.018854302855752077, 0.012238044311145183, 0.009655432753096186, 0.00848203142158961, 0.008088908352944835, 0.0524065598518514, 0.009215300148147651, 0.07713413512479292, 0.010594362336609896, 0.034584200659000905, 0.012113548338782835], [0.02044294992330502, 0.013889387902122007, 0.043735927685997454, 99999.99999999999, 0.014960423092900143, 0.011138845258812856, 0.010577226441241655, 0.009863306406020053, 0.008934634941749012, 0.10645802995604105, 0.010121250183294378, 0.029292372405682093, 0.011281200144652247, 0.08421230983695692, 0.012558279941888593], [0.013215459534420292, 0.01009303933385857, 0.019734802869686922, 0.01558126282245411, 99999.99999999999, 0.013635004378451658, 0.007799580673255874, 0.006879052932952158, 0.007115887132339185, 0.015270809073849848, 0.006800446647271703, 0.02205969978802051, 0.007996514906766117, 0.013289476933940824, 0.009960752411303637], [0.017011948320021664, 0.018700576345852246, 0.01240296654321598, 0.01120256511653025, 0.013435055974454928, 99999.99999999999, 0.013229431617943769, 0.008525950707405534, 0.011528222059616929, 0.011107511342675376, 0.0094256614639189, 0.013776993671271656, 0.011587337995711964, 0.01067768591831043, 0.01702097873118766], [0.016605262728065846, 0.029324779920892573, 0.009763580997415484, 0.010452643587112832, 0.008019310904717308, 0.013389172698835912, 99999.99999999999, 0.020275545493657145, 0.03774472837265686, 0.009375591526543884, 0.01944075551850305, 0.00955676623415274, 0.030593399653905624, 0.010078868028938643, 0.03510874178220548], [0.012665396086420208, 0.015348095005320878, 0.00878491768060948, 0.009619795514086293, 0.006879532949352835, 0.008893721641605193, 0.020059428838131315, 99999.99999999999, 0.018965469051651442, 0.00921772705233447, 0.07733712642502998, 0.008580707600999353, 0.035686416883096976, 0.010548931902418911, 0.015429282114708292], [0.013069998989025078, 0.020641167082990037, 0.008073936591198018, 0.008613708940113393, 0.0069669941963323625, 0.011029375470253603, 0.04067127608160711, 0.018565966463205377, 99999.99999999999, 0.008177512135339743, 0.01647217032176058, 0.00838091186660154, 0.022907012923234157, 0.008857112501315606, 0.022596602690653937], [0.018524505219330117, 0.012101431778620816, 0.042808750562287376, 0.06788351452122061, 0.014866875860047691, 0.011704081833021827, 0.00988999483978373, 0.009433628061980101, 0.007997441395744914, 99999.99999999999, 0.009873909818082324, 0.03212351738105226, 0.011048808088061869, 0.058032662335737874, 0.01240916851381293], [0.013817881719734304, 0.016187243747202117, 0.009385028192270368, 0.010192267420301215, 0.007120303841828003, 0.009092288488271637, 0.021564801305043756, 0.08128586636378451, 0.018331321786941107, 0.009642119249177638, 99999.99999999999, 0.009197644428332208, 0.04100083282029004, 0.010985581529704885, 0.01697443849525315], [0.021076122020488287, 0.012762913910105974, 0.06541737204431686, 0.033722417830565274, 0.0238774912892432, 0.01419618038241845, 0.00916752163652904, 0.008283306091915715, 0.0079178289079319, 0.04204924499767451, 0.008851744377176746, 99999.99999999999, 0.009845289418475987, 0.024394225370609337, 0.011841875279405126], [0.01814099267790477, 0.024663121553358702, 0.010222293628714726, 0.012082036470965365, 0.007886354913505643, 0.010891342689727926, 0.038039013721732885, 0.03392041875996466, 0.02389186819200844, 0.010389032831347731, 0.03312522087628292, 0.010353967310740847, 99999.99999999999, 0.011676921588000906, 0.024310108052847786], [0.020193088315205925, 0.01301187807078249, 0.03285265860966218, 0.06279357473425494, 0.013659329005327556, 0.010860619442063577, 0.009913203667306775, 0.00980126318302482, 0.008430638847647068, 0.06629873574613007, 0.010855646097659244, 0.02529767067379413, 0.011431650160934234, 99999.99999999999, 0.012495532899148511], [0.026371805747943008, 0.12356494235098432, 0.01260778360919435, 0.012617203172661885, 0.010043383213660701, 0.016783815005944395, 0.03393220495748335, 0.015522956858748488, 0.020661400490337576, 0.011834776687276338, 0.015805299498897668, 0.012370232708667377, 0.026414403119868514, 0.012523542214432358, 99999.99999999999]], "binary_threshold": 0.02}, "global_features": {"formation_type": "wolf_pack_to_line", "cluster_centroid": [517.5020958151844, 498.20410692100387], "cluster_radius": 118.75907310753091, "velocity_coherence": 0.629712315992985, "connectivity_density": 0.48}}
{"metadata": {"episode_id": 13, "frame_id": 1, "timestamp": 0.1, "transformation_progress": 0.0125, "start_formation": "wolf_pack", "target_formation": "line", "current_formation": "wolf_pack_to_line"}, "node_features": {"positions": [[499.7667580943812, 500.9599845027393], [546.2090456021596, 443.4300906364428], [427.3127199400644, 574.1242046337674], [466.12804407945885, 589.2420917267119], [327.6123733706115, 524.5039974587806], [426.2257238746658, 391.74498391661376], [607.6338432384727, 415.36791021234234], [680.7003763466493, 487.62734426722153], [630.5809353979259, 373.7853654638772], [449.64107867323753, 598.9344136801384], [666.2074980798506, 498.99643246463654], [410.1401273541557, 563.7642858200021], [621.8684460881487, 467.9794345002176], [482.45525292636734, 604.5302093496961], [549.7841253887592, 434.0678206164816]], "velocities": [[-0.21913501910797617, 6.203666207215343], [13.298000190540412, 34.45649757586827], [42.13559801123692, -5.864311404918146], [28.16586303735842, -27.420410590571148], [31.006780929177243, 1.4797577775073127], [-13.443674082594315, -38.173142665652286], [16.994884194266497, 27.62151967145249], [28.14383867382096, -10.403653243400012], [24.91809656855999, 2.1894837239574465], [12.057465886044575, -4.87271132363291], [7.492746757676347, 3.6303058677536577], [19.402535917231916, -10.732642798461775], [21.398259428884717, -5.189315921571962], [31.88938545264694, -3.7292189366734885], [34.10846632568099, -9.226169592770063]], "speeds": [6.207535305348255, 36.93354889884573, 42.5417297252757, 39.3089653589959, 31.04207059250531, 40.47123909409324, 32.431072102799284, 30.00519381885356, 25.01410353335805, 13.004837532110468, 8.325885818825288, 22.17313738420542, 22.01850372572428, 32.1066967847073, 35.33425647222068], "headings": [1.6061051165066118, 1.202472636443541, -0.13828879408614916, -0.7719882383625697, 0.047687501200755544, -1.9094085783216381, 1.0192194448996532, -0.3540808846877728, 0.0876421252047084, -0.38405648465782594, 0.4511784699363433, -0.5052635523518688, -0.23791798376588527, -0.11641357677110394, -0.26417314319116353]}, "edge_features": {"distance_matrix": [[0.0, 36.38614500365215, 51.146837722642836, 42.8239333902087, 74.03340248842562, 55.72731386101714, 57.56690318336539, 79.305664988433, 77.20513053273503, 47.09651328364075, 76.27383178348052, 51.312787601967734, 57.90588392397056, 49.44907721120983, 39.03574929862738], [34.479105864382824, 0.0, 74.82760651397108, 70.94550745591498, 95.90585892014619, 61.51448132215097, 31.104972800491456, 60.44493209438545, 47.26525161597361, 83.25079833580375, 60.85440109031202, 83.03570245123628, 39.46546114025164, 73.42995016921785, 12.043406703073513], [50.992649457583255, 73.5937302585339, 0.0, 22.841665692740364, 50.13736636293273, 76.10115052737362, 102.92792297779836, 110.16733433621371, 121.21752521427338, 19.786119604167244, 106.79999550910544, 12.623380308990592, 97.98077592586661, 28.116457653721927, 82.10130309627019], [43.02509727143137, 75.07799011750207, 22.25830454265162, 0.0, 66.64136413250577, 84.0860594329829, 92.13218426637175, 102.40560815560485, 113.17703484129237, 18.19379796187946, 95.84347487753993, 31.343830162774278, 81.21913938768465, 13.958754543857076, 75.5639812389441], [77.70224183233059, 102.53442241007181, 53.91372362459467, 68.42573314294035, 0.0, 72.68447218756697, 130.2918800809732, 150.32101258470882, 144.77769808026935, 67.30443033412843, 143.7066504737404, 39.10015111121604, 124.36986850943701, 78.23078839800057, 100.87557735449191], [62.12623291890602, 62.21788929640178, 80.171104595558, 85.62515283225247, 74.77712645104872, 0.0, 79.2695387096855, 112.34197471938424, 87.84623374922327, 90.91728068046002, 110.11746113351464, 75.1809456184672, 90.64233223170518, 95.33271823618003, 62.64376190300865], [64.5799796133, 33.97304470380531, 101.71600667703245, 96.1913013394532, 127.32576027488662, 80.0840628213034, 0.0, 44.51213748915262, 27.553973408074278, 104.94563389388756, 48.60075345328926, 101.59104531552386, 28.048653099804113, 100.3969380340647, 26.697979631160212], [77.41208856748014, 65.84635411392934, 116.89037253929318, 104.01032714500411, 145.8415850125116, 113.41272258547666, 50.90649044647809, 0.0, 57.78630122436373, 108.01377911479469, 10.942064799698452, 122.60497276374645, 33.56228011588111, 95.92593974653346, 58.96392912979301], [80.53045668830619, 51.63210745810077, 120.12264924018311, 115.87749124934365, 142.17452354159533, 86.30123055937669, 27.969613107233954, 53.007197306045946, 0.0, 124.05118515503372, 57.80745493054571, 118.91068456951186, 43.30187193713839, 116.10823568729681, 42.91084514039782], [47.38646245656698, 78.75300211834195, 16.044393369488965, 14.843878919692667, 66.5642989996238, 87.15395078218667, 106.15618600436925, 109.03533444973834, 125.93293483923374, 0.0, 102.33682231650994, 29.433493929142035, 89.87665290544479, 22.814240605572863, 84.59630556240401], [76.62267346680176, 57.4506527745349, 110.34638567568759, 93.92760052009913, 140.13346303475404, 115.4798114447113, 50.15909616378186, 13.281790262917145, 58.76132709454259, 102.59881411596567, 0.0, 115.52943791783768, 27.060884079340383, 87.03159911858434, 61.223381527844275], [47.31031153423256, 82.0673795161541, 13.213075837327144, 28.01118707613087, 41.73591241449902, 78.76860452652703, 106.87268499271426, 122.79013674946479, 123.95858138026982, 31.373583592968366, 112.81073168040501, 0.0, 99.07580933828116, 42.98783554713242, 83.26914137149436], [54.59644496374106, 37.83817965317382, 92.75979600809235, 82.39345992690733, 123.0211063224016, 89.31881466729466, 31.545870334881037, 28.70806998151152, 46.321329014042796, 90.9442055510415, 28.425582870038088, 102.03726232206073, 0.0, 86.26588067145262, 37.57210867288128], [49.62251204250797, 74.87509146845014, 32.859121275649734, 16.245031315739276, 78.43648421289522, 94.00724413854994, 96.83505519596642, 97.97584530242958, 115.87667092094922, 22.521596977359522, 94.67537928484549, 38.05294650129254, 81.92555389486996, 0.0, 83.39346599136717], [41.39747566891445, 12.493844882415527, 77.21853588576786, 79.99511453114368, 105.0459368452683, 55.8492785368033, 28.613242248501827, 65.74176423413444, 46.320562878389595, 86.2988593983564, 62.32201550639296, 84.8527597173395, 37.49939506351312, 77.1113456227501, 0.0]], "adjacency_matrix": [[0, 1, 0, 1, 0, 0, 0, 0, 0, 1, 0, 0, 0, 1, 1], [1, 0, 0, 0, 0, 0, 1, 0, 1, 0, 0, 0, 1, 0, 1], [0, 0, 0, 1, 0, 0, 0, 0, 0, 1, 0, 1, 0, 1, 0], [1, 0, 1, 0, 0, 0, 0, 0, 0, 1, 0, 1, 0, 1, 0], [0, 0, 0, 0, 0, 0, 0, 0, 0, 0, 0, 1, 0, 0, 0], [0, 0, 0, 0, 0, 0, 0, 0, 0, 0, 0, 0, 0, 0, 0], [0, 1, 0, 0, 0, 0, 0, 1, 1, 0, 1, 0, 1, 0, 1], [0, 0, 0, 0, 0, 0, 0, 0, 0, 0, 1, 0, 1, 0, 0], [0, 0, 0, 0, 0, 0, 1, 0, 0, 0, 0, 0, 1, 0, 1], [1, 0, 1, 1, 0, 0, 0, 0, 0, 0, 0, 1, 0, 1, 0], [0, 0, 0, 0, 0, 0, 0, 1, 0, 0, 0, 0, 1, 0, 0], [1, 0, 1, 1, 1, 0, 0, 0, 0, 1, 0, 0, 0, 1, 0], [0, 1, 0, 0, 0, 0, 1, 1, 1, 0, 1, 0, 0, 0, 1], [1, 0, 1, 1, 0, 0, 0, 0, 0, 1, 0, 1, 0, 0, 0], [1, 1, 0, 0, 0, 0, 1, 0, 1, 0, 0, 0, 1, 0, 0]], "physical_distances": [[0.0, 73.93628850045481, 102.9688824463426, 94.47377168549339, 173.75687821117742, 131.66700447391045, 137.70007711986042, 181.42418115980905, 182.44377959054384, 110.05258974721337, 166.452321892838, 109.44091191960287, 126.47742442584838, 105.00704588755629, 83.52423971786081], [73.93628850045481, 0.0, 176.68414668411157, 166.355362002033, 233.14691393656483, 130.6420596492699, 67.53141294846999, 141.56735242960187, 109.40294114908947, 183.04908282224036, 132.23935473681175, 181.64544872816631, 79.5425368343326, 173.25644094801265, 10.021641352953015], [102.9688824463426, 176.68414668411157, 0.0, 41.6554906128985, 111.36572213278923, 182.3824599840742, 240.2483476031041, 267.74430203552646, 285.4008021981766, 33.37816766453633, 250.4294255345295, 20.055569150473254, 221.62726096694985, 62.97002514633914, 186.05116462031623], [94.47377168549339, 166.355362002033, 41.6554906128985, 0.0, 152.89739004105132, 201.48772357411596, 224.17877284195106, 237.41702271706967, 271.0467752158318, 19.12488256577831, 219.4904711570447, 61.51231919753519, 197.3821290174432, 22.36748285312331, 176.2878168071167], [173.75687821117742, 233.14691393656483, 111.36572213278923, 152.89739004105132, 0.0, 165.37698925281205, 300.53736727139216, 355.0084863721105, 338.3874341746658, 142.93667051082343, 339.55455283178816, 91.39037378069231, 299.63588327969853, 174.30006293380387, 239.87286106740984], [131.66700447391045, 130.6420596492699, 182.3824599840742, 201.48772357411596, 165.37698925281205, 0.0, 182.93973985410227, 271.93891920271466, 205.1428779453098, 208.50836588990262, 262.8576138640794, 172.76975036953, 209.97086991029494, 220.08932754675726, 130.60589990900718], [137.70007711986042, 67.53141294846999, 240.2483476031041, 224.17877284195106, 300.53736727139216, 182.93973985410227, 0.0, 102.76256161842065, 47.49396873638323, 242.19491086799943, 102.10094404842367, 247.03289681191237, 54.503177945709716, 226.83045405645072, 60.797010653602776], [181.42418115980905, 141.56735242960187, 267.74430203552646, 237.41702271706967, 355.0084863721105, 271.93891920271466, 102.76256161842065, 0.0, 124.38631154139776, 256.4715632241169, 18.42008922065383, 281.06882111662907, 62.02609431645197, 230.14649426922423, 141.44853247228625], [182.44377959054384, 109.40294114908947, 285.4008021981766, 271.0467752158318, 338.3874341746658, 205.1428779453098, 47.49396873638323, 124.38631154139776, 0.0, 288.8448124239711, 130.18088672304296, 291.0088315338028, 94.59614216021627, 274.19774030351874, 100.80723638153734], [110.05258974721337, 183.04908282224036, 33.37816766453633, 19.12488256577831, 142.93667051082343, 208.50836588990262, 242.19491086799943, 256.4715632241169, 288.8448124239711, 0.0, 238.5133415640119, 52.8891581404999, 216.3595910947428, 33.28788009306401, 192.89796088576097], [166.452321892838, 132.23935473681175, 250.4294255345295, 219.4904711570447, 339.55455283178816, 262.8576138640794, 102.10094404842367, 18.42008922065383, 130.18088672304296, 238.5133415640119, 0.0, 264.13135591715076, 54.11104965021103, 211.90154709810716, 133.30463737356297], [109.44091191960287, 181.64544872816631, 20.055569150473254, 61.51231919753519, 91.39037378069231, 172.76975036953, 247.03289681191237, 281.06882111662907, 291.0088315338028, 52.8891581404999, 264.13135591715076, 0.0, 232.38678683668005, 83.01408258695383, 190.5823162661645], [126.47742442584838, 79.5425368343326, 221.62726096694985, 197.3821290174432, 299.63588327969853, 209.97086991029494, 54.503177945709716, 62.02609431645197, 94.59614216021627, 216.3595910947428, 54.11104965021103, 232.38678683668005, 0.0, 195.14648994936377, 79.66270675097626], [105.00704588755629, 173.25644094801265, 62.97002514633914, 22.36748285312331, 174.30006293380387, 220.08932754675726, 226.83045405645072, 230.14649426922423, 274.19774030351874, 33.28788009306401, 211.90154709810716, 83.01408258695383, 195.14648994936377, 0.0, 183.27739369515967], [83.52423971786081, 10.021641352953015, 186.05116462031623, 176.2878168071167, 239.87286106740984, 130.60589990900718, 60.797010653602776, 141.44853247228625, 100.80723638153734, 192.89796088576097, 133.30463737356297, 190.5823162661645, 79.66270675097626, 183.27739369515967, 0.0]], "communication_quality": [[99999.99999999999, 0.027482980817831064, 0.019551547055700513, 0.02335142261160005, 0.01350741464411545, 0.017944518608034733, 0.017371089480075878, 0.012609438103210815, 0.012952505404429635, 0.021232989831913043, 0.013110654670295907, 0.019488315717201356, 0.01726939923098299, 0.020222820205532642, 0.02561753679107154], [0.029003063881722302, 99999.99999999999, 0.013364049886759252, 0.014095323226324941, 0.010426890567381511, 0.01625633210169953, 0.03214918993571024, 0.016543981437495445, 0.02115718745248716, 0.012011895379638362, 0.016432662515062927, 0.01204301101875006, 0.0253386053962518, 0.013618419480216526, 0.08303291538063258], [0.019610665743602186, 0.013588112202029852, 99999.99999999999, 0.04377962516637184, 0.019945200019267743, 0.013140404076233497, 0.009715535628367284, 0.009077099988433547, 0.008249631525936602, 0.05054045535966699, 0.009363295397159348, 0.07921802111179142, 0.010206082657436647, 0.03556634539999283, 0.012180073159456318], [0.0232422430394264, 0.01331948105217152, 0.04492703156313967, 99999.99999999999, 0.01500569298003458, 0.011892576341637729, 0.010853969211986954, 0.009765089240323755, 0.008835714003685952, 0.05496375481676227, 0.010433677378047228, 0.03190419536364458, 0.012312367311638345, 0.07163957790520054, 0.013233816578558663], [0.01286963989354961, 0.00975282133518468, 0.01854814966003049, 0.014614382746432363, 99999.99999999999, 0.01375809484917889, 0.007675074783077632, 0.0066524294659882355, 0.0069071407004562355, 0.014857860715215316, 0.006958619709785341, 0.025575342187353436, 0.008040532096556816, 0.012782689432779175, 0.009913201263313099], [0.016096257443175978, 0.016072545221047545, 0.01247332041028411, 0.011678809907306005, 0.013373071602636576, 99999.99999999999, 0.012615184724494534, 0.00890139160793599, 0.011383526003168939, 0.010999007917147715, 0.00908121108945124, 0.013301240876411036, 0.011032371575788964, 0.010489577068670177, 0.015963278864310725], [0.015484672666996742, 0.029435092272935656, 0.009831293366266874, 0.010395949343814034, 0.007853869627814355, 0.012486877412333442, 99999.99999999999, 0.022465777465436702, 0.03629239319738304, 0.009528742336471994, 0.02057580846360801, 0.009843386279374465, 0.03565232312291504, 0.009960462141346167, 0.037456003759656235], [0.012917877418454168, 0.015186867391337967, 0.00855502376052064, 0.00961442898320643, 0.006856754411621808, 0.00881735213677461, 0.01964385670257135, 99999.99999999999, 0.017305136438236297, 0.009258077215837896, 0.09139034582614612, 0.00815627536057771, 0.02979534461287601, 0.01042470783601637, 0.01695951822008996], [0.012417660559083905, 0.01936778984149731, 0.008324824028416802, 0.008629802931702967, 0.007033608446532618, 0.011587318948352583, 0.03575307383178016, 0.01886535908647919, 99999.99999999999, 0.008061187953491653, 0.017298803903639023, 0.008409672516170764, 0.023093684506638908, 0.00861265273694001, 0.02330412658354515], [0.021103069043946453, 0.012697927013855704, 0.06232702936786432, 0.06736779057092973, 0.015023065889644428, 0.011473947839263195, 0.009420081329580058, 0.009171338019305902, 0.007940733866555746, 99999.99999999999, 0.009771652858153502, 0.03397488801902048, 0.011126358808538043, 0.043832252800612655, 0.011820845782134942], [0.01305096552032492, 0.01740623957506808, 0.009062371216356169, 0.010646496748536093, 0.007136053780326941, 0.00865952152929829, 0.01993655941026447, 0.07529099822348671, 0.01701799260270533, 0.009746700399506697, 99999.99999999999, 0.008655801771953249, 0.03695369403051059, 0.01149007826153664, 0.016333626332105465], [0.021137036645934124, 0.012185107944772148, 0.07568254776450378, 0.035700009438444466, 0.023960174884085007, 0.012695411821204858, 0.00935692695003314, 0.00814397593351161, 0.008067210097058004, 0.03187393873247998, 0.00886440409046347, 99999.99999999999, 0.010093280143216716, 0.023262389339879508, 0.012009249326183614], [0.018316207538825117, 0.026428325698613895, 0.010780531385681856, 0.012136884159474256, 0.008128685789025834, 0.01119584817338247, 0.03169986031089695, 0.0348333988425564, 0.021588322386294566, 0.010995751559798327, 0.03517956528020378, 0.009800340378011039, 99999.99999999999, 0.011592067179930284, 0.026615480716070925], [0.020152139771198518, 0.013355574555332877, 0.030432940895824902, 0.06155724571972209, 0.01274916746388184, 0.010637476960301151, 0.010326837679886791, 0.010206596277350408, 0.008629864024861027, 0.044401804942483816, 0.010562407057987857, 0.026279167033080152, 0.012206202221363266, 99999.99999999999, 0.011991345703152119], [0.024156056432937043, 0.08003934809643498, 0.01295025681368483, 0.012500761838437794, 0.00951964383236024, 0.0179053310471632, 0.03494884088376775, 0.015211028476940315, 0.021588679454060466, 0.01158763732331174, 0.01604569158134022, 0.011785119134368716, 0.026667089739324926, 0.012968258590761577, 99999.99999999999]], "binary_threshold": 0.02}, "global_features": {"formation_type": "wolf_pack_to_line", "cluster_centroid": [519.4844232303273, 497.9372379499779], "cluster_radius": 118.48737903127041, "velocity_coherence": 0.7149917212154568, "connectivity_density": 0.5511111111111111}}
