{"metadata": {"episode_id": 19, "frame_id": 0, "timestamp": 0.0, "transformation_progress": 0.0, "start_formation": "bee_swarm", "target_formation": "wolf_pack", "current_formation": "bee_swarm_to_wolf_pack"}, "node_features": {"positions": [[482.2434382847728, 363.1786886287362], [484.3952994500294, 539.1624262852393], [482.64862626702177, 402.7851688292471], [504.18148435019884, 485.52145773063125], [491.3264172826107, 502.0847796116242], [553.4939989416865, 466.1363878258755], [581.4812630739503, 494.10067740320085], [492.1501823862112, 490.8017899703757], [503.21978685319516, 505.41274248407836], [536.8396285001241, 407.98241087815154], [417.74822240786267, 465.9831997007631], [484.58156107304654, 495.1846229552178], [482.7831212715479, 478.1889378040764], [408.1720509209086, 406.5550512916907], [507.33270944737046, 479.62019786788375]], "velocities": [[-0.16872028661332156, -3.496518195103816], [-4.593079807768326, -5.559208490829753], [-9.379303690564416, 12.143583967934612], [9.493633702910897, -15.865264322933205], [-5.8743940973040445, -3.8434007835264814], [0.5647347995417573, -15.62968081060328], [-7.419496150764645, 0.24073867200141308], [2.4340257675650303, -20.702003510661434], [-1.4206683700994764, -6.267064191588982], [-0.36408472251745394, -6.317103787686566], [-3.4540239599763245, -5.987018593368298], [-8.622167097949163, -12.194146789386512], [-7.916278527732698, -17.174441253261275], [6.287315150751317, -7.697434154984257], [-7.311350844575147, -9.428050679632971]], "speeds": [3.500586525684936, 7.211184449523028, 15.34398805089843, 18.48879912059144, 7.019988290107938, 15.639880039026957, 7.423400719307048, 20.84460195812357, 6.426071288065358, 6.327587055866918, 6.911922536706284, 14.934489659377801, 18.911078713028626, 9.938854278798198, 11.930800090111202], "headings": [-1.6190127263020266, -2.261316572860336, 2.2284593232586034, -1.0315606469716088, -2.5622261839477583, -1.5346798354757258, 3.109157264744986, -1.4537592437229332, -1.7937168684772515, -1.6283673912727414, -2.094071487350971, -2.1862543423418828, -2.0027054173631043, -0.8858911304761276, -2.230411911327802]}, "edge_features": {"distance_matrix": [[0.0, 73.47159102426438, 19.46113710311959, 59.56012374973568, 62.90995260740712, 54.22738756452302, 72.48377660664968, 56.28120936358559, 66.9857915937231, 36.68916417546841, 54.742272713394385, 58.00943410384532, 52.00278211114609, 39.059197031986365, 52.09438226755582], [76.95529210532546, 0.0, 57.793215734134506, 28.001341370532806, 19.160851470711297, 50.52145176764095, 52.34251417549209, 29.047194434852106, 19.21608293826817, 60.27036769509699, 49.13525786489862, 26.959007500404145, 29.635724557452676, 65.06473978022319, 33.82598819468284], [21.629984638894996, 61.315922907441625, 0.0, 38.14518238268755, 48.48702646600019, 44.68455924116967, 56.87001599048872, 40.17135482018283, 49.70838738327069, 30.013959382953967, 38.57867989306527, 46.27107745798731, 35.90577366369095, 33.28054509197087, 41.464976324120165], [58.75644586373583, 28.49899200276105, 39.035121358337975, 0.0, 15.016910361239082, 24.498791074438135, 39.00175545615545, 9.045979334828612, 15.540098415531007, 42.45037955300114, 39.80886925951434, 12.304213797367218, 15.52772494213399, 56.50715708673941, 10.401277024953009], [58.02062083975058, 19.82825523459286, 43.89931399114826, 13.490515737393642, 0.0, 35.42229511352498, 46.16305052557427, 14.557448165696917, 13.364291882350294, 46.774011326576975, 36.76456822988393, 12.901960568365212, 18.728159145644057, 54.81136428571934, 13.66683721080139], [53.62360133937591, 46.988711052595384, 41.31977191807733, 25.193880328834055, 38.60267400438652, 0.0, 25.387857689407443, 29.112319625123323, 35.739688870485125, 29.90924899887886, 63.21842780126512, 33.43014908316566, 33.88378535838595, 69.49100313302247, 28.24596076871034], [69.44772674419875, 50.2830991497294, 62.18098312889374, 39.47910415975967, 44.52068208272082, 20.772867623311583, 0.0, 40.15367039708654, 40.2117195664481, 42.84178252906015, 76.08489746960932, 44.39726702684851, 44.22450539013141, 84.25614004487242, 36.105116804661705], [58.691483223691314, 28.17047678095616, 43.47825437662344, 10.967081280680846, 11.396284692438897, 32.97020414374321, 43.54446055669162, 0.0, 10.804004027802332, 47.449212297210465, 38.68025979615431, 9.876527492129668, 10.291829736273922, 56.174959074514604, 11.249335627389682], [66.61846709889424, 20.92017442620515, 45.93487159687816, 15.177711874849836, 9.045448274899718, 28.02270415795, 36.55225276063423, 11.435915668055673, 0.0, 46.897549443378104, 47.705858296021695, 17.43289223650166, 21.51022696739439, 62.18487648672122, 19.509961064324205], [36.2053669288862, 62.02121278869575, 24.61500163869928, 42.221457950393436, 48.06735349211224, 30.997435749576297, 41.848793291712575, 43.120391622155395, 46.32415297964801, 0.0, 57.08959687264569, 43.91471155351924, 38.78635897834617, 58.723140374481616, 33.71946720899082], [56.68487032664765, 46.14788336911483, 43.61373630387137, 45.396459539355575, 38.96912384947234, 60.260188687366735, 73.57566073050033, 40.62803285804413, 43.96314281793637, 62.46173496625873, 0.0, 37.0956118323319, 31.731724928632975, 30.135462377369844, 46.22630157625182], [56.5543780510814, 22.755266979210326, 39.57710816860796, 16.833467719875745, 10.962904031772796, 39.13800308704512, 45.0969958777061, 11.79536630358987, 10.686684971638105, 44.55458774213578, 36.60184804622137, 0.0, 9.941985922921411, 51.48924915581107, 16.06638228890626], [54.923024035843106, 29.796016789786037, 36.60622809277466, 12.34607558439394, 20.09680420551626, 37.139415465350616, 49.47715610290718, 11.499995462275246, 23.23575341416018, 42.00575464447241, 30.170238694719224, 16.675682831211084, 0.0, 44.85983521833351, 13.516891443338341], [38.179154662719235, 63.79310245274008, 38.1528453998997, 53.02045468061255, 54.57602219049369, 68.70312848573354, 84.60621670485338, 56.92801925144808, 60.867744614293684, 54.89459202111313, 30.90543136068956, 54.719482844248475, 47.76280243399227, 0.0, 58.651359217775855], [52.42490633862838, 35.34043829629636, 35.12796111493823, 12.704887252732316, 16.228335540825075, 24.8119722571434, 34.19367542234406, 11.941484432375688, 19.726058713114515, 39.71701841381997, 46.60609805919904, 16.264647580091513, 14.451968615839975, 59.25334314999254, 0.0]], "adjacency_matrix": [[0, 0, 1, 0, 0, 0, 0, 0, 0, 1, 0, 0, 0, 1, 0], [0, 0, 0, 1, 1, 0, 0, 1, 1, 0, 1, 1, 1, 0, 1], [1, 0, 0, 1, 1, 1, 0, 1, 1, 1, 1, 1, 1, 1, 1], [0, 1, 1, 0, 1, 1, 1, 1, 1, 1, 1, 1, 1, 0, 1], [0, 1, 1, 1, 0, 1, 1, 1, 1, 1, 1, 1, 1, 0, 1], [0, 1, 1, 1, 1, 0, 1, 1, 1, 1, 0, 1, 1, 0, 1], [0, 0, 0, 1, 1, 1, 0, 1, 1, 1, 0, 1, 1, 0, 1], [0, 1, 1, 1, 1, 1, 1, 0, 1, 1, 1, 1, 1, 0, 1], [0, 1, 1, 1, 1, 1, 1, 1, 0, 1, 1, 1, 1, 0, 1], [1, 0, 1, 1, 1, 1, 1, 1, 1, 0, 0, 1, 1, 0, 1], [0, 1, 1, 1, 1, 0, 0, 1, 1, 0, 0, 1, 1, 1, 1], [0, 1, 1, 1, 1, 1, 1, 1, 1, 1, 1, 0, 1, 0, 1], [0, 1, 1, 1, 1, 1, 1, 1, 1, 1, 1, 1, 0, 1, 1], [1, 0, 1, 0, 0, 0, 0, 0, 0, 0, 1, 0, 1, 0, 0], [0, 1, 1, 1, 1, 1, 1, 1, 1, 1, 1, 1, 1, 0, 0]], "physical_distances": [[0.0, 175.9968932283393, 39.60855275283886, 124.29413106292814, 139.20273926766498, 125.20754856594371, 164.28241845537988, 128.00702939584906, 143.77250528313238, 70.62660627152898, 121.36062115763806, 132.02663941637084, 115.01151539345983, 85.8375166455541, 119.11379685561549], [175.9968932283393, 0.0, 136.3884423931377, 57.17382810674957, 37.71991883955441, 100.53572780114949, 107.03385233230276, 48.978458062013274, 38.644566017362564, 141.2749237894624, 98.97995798022257, 43.97819777033008, 60.99479827035815, 152.953259262468, 63.80753672012946], [39.60855275283886, 136.3884423931377, 0.0, 85.49244106003495, 99.67806558336602, 95.03916970265948, 134.56006913022182, 88.52799086044523, 104.66896159865135, 54.43965510492336, 90.58727022666622, 92.419669766461, 75.40388892169734, 74.57192695019965, 80.70269914830924], [124.29413106292814, 57.17382810674957, 85.49244106003495, 0.0, 20.96655386670801, 52.98589463761043, 77.77440967909143, 13.139030995881589, 19.914519105880025, 84.13595049744399, 88.61406376436082, 21.852545724192293, 22.61980970121316, 124.31212593022963, 6.689924332959157], [139.20273926766498, 37.71991883955441, 99.67806558336602, 20.96655386670801, 0.0, 71.81291723164814, 90.50769087616138, 11.313021001944207, 12.35020552958282, 104.53089589485226, 81.95776249438904, 9.649106029609465, 25.377138578334467, 126.65140203683684, 27.583669476428373], [125.20754856594371, 100.53572780114949, 95.03916970265948, 52.98589463761043, 71.81291723164814, 0.0, 39.56372638129033, 66.11691079097481, 63.79755823192253, 60.49176051034715, 135.74586296964088, 74.7845174961283, 71.73069204920822, 157.0617847846938, 48.09030859775198], [164.28241845537988, 107.03385233230276, 134.56006913022182, 77.77440967909143, 90.50769087616138, 39.56372638129033, 0.0, 89.39197187182869, 79.07478407587236, 97.0011926045369, 166.12977204014277, 96.90576446127287, 99.97252948844242, 194.16570157565, 75.54927062842188], [128.00702939584906, 48.978458062013274, 88.52799086044523, 13.139030995881589, 11.313021001944207, 66.11691079097481, 89.39197187182869, 0.0, 18.33074129469797, 94.10736499971648, 78.43222597625727, 8.746042165180215, 15.710692973091902, 118.95309807818496, 18.855692241584322], [143.77250528313238, 38.644566017362564, 104.66896159865135, 19.914519105880025, 12.35020552958282, 63.79755823192253, 79.07478407587236, 18.33074129469797, 0.0, 103.06776057140975, 94.12798294255494, 21.260241986592153, 34.04104641974134, 137.1383068793806, 26.118412854614036], [70.62660627152898, 141.2749237894624, 54.43965510492336, 84.13595049744399, 104.53089589485226, 60.49176051034715, 97.0011926045369, 94.10736499971648, 103.06776057140975, 0.0, 132.46454057247593, 101.66184831266165, 88.60622098224101, 128.67549446375762, 77.4766467832211], [121.36062115763806, 98.97995798022257, 90.58727022666622, 88.61406376436082, 81.95776249438904, 135.74586296964088, 166.12977204014277, 78.43222597625727, 94.12798294255494, 132.46454057247593, 0.0, 72.93434223478654, 66.17037186578625, 60.19474963548142, 90.61648877076286], [132.02663941637084, 43.97819777033008, 92.419669766461, 21.852545724192293, 9.649106029609465, 74.7845174961283, 96.90576446127287, 8.746042165180215, 21.260241986592153, 101.66184831266165, 72.93434223478654, 0.0, 17.09057340981697, 117.01971720590491, 27.565668514471668], [115.01151539345983, 60.99479827035815, 75.40388892169734, 22.61980970121316, 25.377138578334467, 71.73069204920822, 99.97252948844242, 15.710692973091902, 34.04104641974134, 88.60622098224101, 66.17037186578625, 17.09057340981697, 0.0, 103.43222667881321, 24.59127456991072], [85.8375166455541, 152.953259262468, 74.57192695019965, 124.31212593022963, 126.65140203683684, 157.0617847846938, 194.16570157565, 118.95309807818496, 137.1383068793806, 128.67549446375762, 60.19474963548142, 117.01971720590491, 103.43222667881321, 0.0, 123.17204164745404], [119.11379685561549, 63.80753672012946, 80.70269914830924, 6.689924332959157, 27.583669476428373, 48.09030859775198, 75.54927062842188, 18.855692241584322, 26.118412854614036, 77.4766467832211, 90.61648877076286, 27.565668514471668, 24.59127456991072, 123.17204164745404, 0.0]], "communication_quality": [[99999.99999999999, 0.013610701088026443, 0.05138443251578432, 0.01678975410300246, 0.015895733498373726, 0.01844086282787478, 0.013796188731512265, 0.017767916390365346, 0.014928536737757047, 0.027255996420563557, 0.018267415066257717, 0.017238572364352514, 0.019229736700727335, 0.025602158261458813, 0.01919592409993035], [0.012994556224746443, 99999.99999999999, 0.017303066013312496, 0.035712562110568315, 0.05218972025493578, 0.019793568218576387, 0.019104925025152333, 0.034426720899865884, 0.05203971500411176, 0.016591898677969463, 0.02035198022629246, 0.037093339918081544, 0.033743047538145936, 0.015369305244050224, 0.02956305958052086], [0.0462320965258957, 0.016308974724555395, 99999.99999999999, 0.026215623451773612, 0.0206240692953304, 0.022379090074760306, 0.017583955389210582, 0.024893353872248364, 0.02011732529394619, 0.03331781902089687, 0.025921046120847027, 0.021611767843320483, 0.027850666326250696, 0.030047575746152615, 0.02411673290287088], [0.01701940638351529, 0.03508894802362264, 0.025617948888659193, 99999.99999999999, 0.06659154979480011, 0.04081832400538949, 0.025639864972886117, 0.11054622805598813, 0.0643496154119868, 0.023556909854771928, 0.025120023939407928, 0.08127290404242922, 0.06440089322277993, 0.01769687017692789, 0.09614194835706093], [0.017235248661151902, 0.050433055447300375, 0.022779394056310232, 0.0741260955626181, 99999.99999999999, 0.028230799683846064, 0.021662341894467793, 0.06869331092129753, 0.07482620557386993, 0.021379389063385927, 0.027200094442730593, 0.07750754000725553, 0.053395502369893315, 0.018244388377989307, 0.07316976509473706], [0.018648501565311365, 0.021281702876753777, 0.024201483008372358, 0.0396921629390247, 0.02590493448295894, 99999.99999999999, 0.03938889284574416, 0.03434970725039542, 0.027980090252686173, 0.033434462553468304, 0.015818170058925246, 0.029913109223089738, 0.029512632496539633, 0.014390349987929518, 0.03540327957528571], [0.014399317341087204, 0.019887393936247506, 0.016082084728481577, 0.025329848991882432, 0.02246146574141231, 0.04813969533415955, 99999.99999999999, 0.024904317365452698, 0.024868365792313017, 0.023341693728657287, 0.01314321109478159, 0.02252390387354762, 0.02261189277436712, 0.011868569825080168, 0.02769689760155849], [0.0170382443020949, 0.035498144131326154, 0.02299999814476635, 0.09118187989932726, 0.08774781865402886, 0.030330406579714947, 0.022965028331164924, 99999.99999999999, 0.09255819155979125, 0.021075161016048727, 0.0258529737581981, 0.10125005861587338, 0.09716435794034645, 0.017801522928718064, 0.08889405954113633], [0.015010850495959452, 0.04780072582665069, 0.021769948353757423, 0.06588604062227842, 0.11055271823815765, 0.03568533705777039, 0.027358087419883947, 0.08744373031326455, 99999.99999999999, 0.02132307121882009, 0.020961781762253183, 0.05736279515789188, 0.046489492492147726, 0.01608107783896232, 0.05125584229228269], [0.02762020685392056, 0.016123513130448377, 0.040625615566552, 0.023684633636493008, 0.02080413668130764, 0.03226072264401556, 0.023895545901978815, 0.023190878618491274, 0.02158700634136311, 99999.99999999999, 0.01751632310642424, 0.022771407050396337, 0.025782253568471036, 0.017029059129541422, 0.029656450300284135], [0.017641388572005125, 0.021669461528860706, 0.022928550852583718, 0.022028144702597844, 0.025661335041798482, 0.016594701341561376, 0.013591449321106308, 0.024613541033567297, 0.022746321314608114, 0.016009799286590392, 99999.99999999999, 0.026957359133104417, 0.03151419240861157, 0.0331834851459288, 0.02163270150486627], [0.017682093900419783, 0.043945850490575, 0.025267125204512405, 0.05940543104882438, 0.0912166233450151, 0.025550607226175335, 0.022174421129238522, 0.08477898239631868, 0.09357429987979862, 0.022444372762326362, 0.027321017384887538, 99999.99999999999, 0.1005834248729157, 0.01942152628325669, 0.06224172683063972], [0.018207297130515294, 0.033561521710767026, 0.02731774834293557, 0.0809973325686361, 0.0497591304658385, 0.02692556461146536, 0.02021134350985478, 0.0869564804365017, 0.043037105438532175, 0.023806256318954812, 0.03314523556363765, 0.059967523395990395, 99999.99999999999, 0.022291650698592153, 0.07398145234630228], [0.026192296474638922, 0.015675673463037738, 0.02621035803266848, 0.018860641943141243, 0.01832306160531371, 0.014555375810199028, 0.011819461036697381, 0.017566039315765756, 0.016429060121188832, 0.018216727386335507, 0.03235676165660454, 0.018275023177688483, 0.020936790549802527, 99999.99999999999, 0.017049900340552038], [0.019074899300567265, 0.02829618887728707, 0.028467342925329046, 0.07870980615643625, 0.06162057601524046, 0.040303107975667635, 0.0292451658149298, 0.08374161254799128, 0.05069433826594999, 0.025178117294697683, 0.021456415084688058, 0.061483003566213015, 0.06919467753044957, 0.01687668202453663, 99999.99999999999]], "binary_threshold": 0.02}, "global_features": {"formation_type": "bee_swarm_to_wolf_pack", "cluster_centroid": [494.17318603403595, 465.5132359511193], "cluster_radius": 55.831216750858125, "velocity_coherence": 0.7507770093460728, "connectivity_density": 0.6311111111111111}}
{"metadata": {"episode_id": 19, "frame_id": 1, "timestamp": 0.1, "transformation_progress": 0.0125, "start_formation": "bee_swarm", "target_formation": "wolf_pack", "current_formation": "bee_swarm_to_wolf_pack"}, "node_features": {"positions": [[482.00674966208567, 362.1445794810393], [484.0615969297613, 537.6104377416773], [482.6772034964127, 404.9917610518263], [505.78121586138207, 482.2858086974454], [489.8992060080685, 500.98937466693053], [553.0695022857742, 462.5758074537368], [579.9358345326439, 493.6979516482528], [493.0614395767909, 486.560130742265], [503.13073716560643, 503.5974215265394], [535.4866377290444, 407.45595438383066], [418.5578596201553, 464.6031750779473], [483.8862473083113, 492.7900967357065], [481.6784498679659, 474.21738724273433], [408.4419183575244, 404.788035870489], [505.70515431962, 477.2527684092978]], "velocities": [[-2.3668862268716198, -10.341091476969638], [-3.3370252026812706, -15.519885435620424], [0.2857722939090266, 22.06592222579227], [15.997315111832492, -32.356490331858424], [-14.27211274542176, -10.954049446936807], [-4.244966559123712, -35.60580372138688], [-15.454285413065207, -4.027257549480231], [9.112571905797116, -42.416592281106865], [-0.8904968758870235, -18.153209575389464], [-13.529907710797447, -5.264564943208848], [8.096372122926146, -13.80024622815848], [-6.953137647352376, -23.945262195112335], [-11.046714035819596, -39.715505613420206], [2.6986743661582206, -17.670154212016747], [-16.27555127750464, -23.67429458585967]], "speeds": [10.608502408257664, 15.874589164388253, 22.067772644258397, 36.09510434093399, 17.991231239244488, 35.85795587779658, 15.970402029952957, 43.38440119997022, 18.1750378974564, 14.518059329812639, 15.999938672091778, 24.934347890725054, 41.22318858505229, 17.875043865988488, 28.729180174950127], "headings": [-1.7958023074843819, -1.7825878731979397, 1.5578462078012998, -1.111632131962375, -2.486976350657239, -1.6894574353231695, -2.8866704992353274, -1.3591778075460603, -1.6198115502846453, -2.7705130023309397, -1.0402261665780381, -1.8534008608718144, -1.8420851070576385, -1.4192424102033085, -2.1730685784410633]}, "edge_features": {"distance_matrix": [[0.0, 76.929748636825, 22.987496183018187, 58.537994927342005, 58.60718142082072, 53.37931775634148, 68.87225486149363, 54.598104821921154, 63.668301363588114, 37.40305554226923, 51.601292867799, 56.539066601975826, 54.46508938720192, 38.42364217192197, 50.26910541611414], [75.70035468102161, 0.0, 62.45943492281149, 27.520990624672436, 19.741390812007452, 48.87667685042945, 45.24465883220293, 30.428598792456466, 21.835319198049216, 58.65981117092528, 42.09472185842374, 20.659001814221284, 30.896356255961933, 71.17271756852985, 34.95408949483622], [22.04742209196622, 55.53789523519807, 0.0, 34.6089136790164, 45.31447785963079, 42.111288696816025, 57.395219262155415, 42.81553363161675, 49.25419914229127, 27.06543968298192, 44.121297561666246, 41.724081632887255, 35.38516012856468, 35.270198636253035, 35.35984570164218], [53.77851137110395, 33.11405264367682, 35.87889318293579, 0.0, 18.101179205005774, 26.640109729760916, 36.514688072053175, 7.8167817901234775, 12.872325713604516, 38.827128440792414, 42.85345343305406, 18.492293902013483, 15.430882239775242, 58.362290129259144, 11.47309101430123], [62.691676957962805, 24.906703503517246, 47.48339404039236, 16.550971463034884, 0.0, 32.16269178729807, 42.128720769329156, 12.076653648109994, 11.897169074335697, 47.73692052369098, 34.7294876612445, 13.833581908227679, 15.417554262392377, 53.18875745395352, 19.02996318191145], [56.06144961763999, 43.02148632524859, 43.56287430827139, 30.38528569148163, 34.11379853259609, 0.0, 18.835278180426695, 33.17995548808962, 34.651426124589335, 29.58903508680436, 64.0108569654542, 38.59722618758253, 33.108724094390034, 71.23679754106472, 28.1417664712846], [69.38704407445913, 50.42795170506883, 62.70152659068536, 39.12119511263921, 46.419740006298895, 25.86234399080854, 0.0, 45.0574468028036, 40.592521043684506, 41.525458014549244, 72.55317044959607, 42.52689459019672, 46.38550004710198, 81.02798721880886, 36.181353884415216], [53.70908003673159, 22.953039820105687, 40.67779101292535, 10.161416128359987, 8.770412495927818, 28.48203560696205, 37.52574612095976, 0.0, 14.168306667868459, 44.248034940143974, 40.16634651464091, 8.976409213450788, 12.981350791065571, 54.50812320655494, 10.860464653014711], [66.86568582605926, 22.816230601357265, 45.80304629039269, 16.589402092304137, 8.81259510065202, 29.265219670676217, 38.19252081296636, 10.943688234330242, 0.0, 49.75694554935101, 44.33696202892394, 13.027855383294213, 16.98867475251891, 60.62065570767001, 13.933266187751745], [33.38144586817705, 58.763865235210964, 25.782828751752177, 39.179166748742695, 51.390595493545106, 32.89656424825468, 42.90705936391652, 39.36228544007574, 48.15760798659415, 0.0, 61.14660876315454, 44.101312544075405, 42.82981927015945, 54.53184115422886, 39.200211977165544], [54.58299367290181, 49.44864933752422, 37.61655346017025, 44.52289372935967, 42.193384132417826, 64.05460346761225, 70.90341467344753, 35.91879342788025, 40.83810230688621, 55.54766324802845, 0.0, 33.864732932001075, 30.891814390272682, 31.898612481183125, 44.097513027331836], [55.07808539690212, 24.566561139808254, 40.76295263221196, 15.688667761107014, 12.726074806417348, 33.12749454225919, 41.570897099702094, 6.703514023640646, 12.058190164811817, 43.34190229861208, 37.210628169800394, 0.0, 13.777797920482008, 52.2244823635824, 19.51672039221724], [55.201335611146604, 30.574033124484455, 32.863104795773474, 20.30970828463524, 17.50100267371544, 33.919453177259115, 43.72778237757144, 10.822087556454358, 23.78883540580337, 40.90079473560234, 30.20464785774192, 12.880074748488497, 0.0, 44.921942712917215, 12.375414507633632], [40.11951115056014, 69.02224052251326, 34.31220282684346, 57.21179400426955, 52.88250663024914, 70.3772393892381, 84.88310197466137, 53.87859321944282, 60.163955397925584, 60.35339139898483, 33.05481376729088, 48.84465661800956, 47.87268587293732, 0.0, 58.285548870492605], [52.67966544845864, 35.201911780744055, 39.694198037406466, 9.140892978956602, 17.29549612989617, 27.794889018136583, 36.33557148518263, 14.979858231534529, 17.72581515616286, 36.04749198265014, 40.49895507110967, 19.97395897420064, 16.500669698508844, 52.197601772096135, 0.0]], "adjacency_matrix": [[0, 0, 1, 0, 0, 0, 0, 0, 0, 1, 0, 0, 0, 1, 0], [0, 0, 0, 1, 1, 1, 1, 1, 1, 0, 1, 1, 1, 0, 1], [1, 0, 0, 1, 1, 1, 0, 1, 1, 1, 1, 1, 1, 1, 1], [0, 1, 1, 0, 1, 1, 1, 1, 1, 1, 1, 1, 1, 0, 1], [0, 1, 1, 1, 0, 1, 1, 1, 1, 1, 1, 1, 1, 0, 1], [0, 1, 1, 1, 1, 0, 1, 1, 1, 1, 0, 1, 1, 0, 1], [0, 0, 0, 1, 1, 1, 0, 1, 1, 1, 0, 1, 1, 0, 1], [0, 1, 1, 1, 1, 1, 1, 0, 1, 1, 1, 1, 1, 0, 1], [0, 1, 1, 1, 1, 1, 1, 1, 0, 1, 1, 1, 1, 0, 1], [1, 0, 1, 1, 0, 1, 1, 1, 1, 0, 0, 1, 1, 0, 1], [0, 1, 1, 1, 1, 0, 0, 1, 1, 0, 0, 1, 1, 1, 1], [0, 1, 1, 1, 1, 1, 1, 1, 1, 1, 1, 0, 1, 0, 1], [0, 1, 1, 1, 1, 1, 1, 1, 1, 1, 1, 1, 0, 1, 1], [1, 0, 1, 0, 0, 0, 0, 0, 0, 0, 1, 1, 1, 0, 0], [0, 1, 1, 1, 1, 1, 1, 1, 1, 1, 1, 1, 1, 0, 0]], "physical_distances": [[0.0, 175.47788981075587, 42.852426732962925, 122.4709769728752, 139.06893261036174, 123.0298596380549, 164.00120545944282, 124.90570669406974, 143.0214297607114, 70.09435871192312, 120.5135903508136, 130.65903600647653, 112.07328861216072, 85.03086955751694, 117.52237889719517], [175.47788981075587, 0.0, 132.6259022670365, 59.43531294959826, 37.0834186729826, 101.94256590881136, 105.45224450356272, 51.83754442877801, 38.993812090965925, 139.9454335066204, 98.08567685027583, 44.82068401286672, 63.43782973494345, 152.84019833211374, 64.12091564945848], [42.852426732962925, 132.6259022670365, 0.0, 80.67319994151649, 96.26888978311325, 90.94502806018659, 131.63597365906972, 82.22670668906247, 100.70463404040173, 52.86689505492217, 87.54890599725026, 87.80665997404984, 69.23283058155045, 74.23556468163733, 75.84154338772785], [122.4709769728752, 59.43531294959826, 80.67319994151649, 0.0, 24.53694392045656, 51.23149599594322, 75.02762475921726, 13.418738304061161, 21.475797510080117, 80.51036694074003, 88.99769326058602, 24.28435123965048, 25.41737109349076, 124.4220383681406, 5.03361499324812], [139.06893261036174, 37.0834186729826, 96.26888978311325, 24.53694392045656, 0.0, 73.93299992463224, 90.33138616067883, 14.771689185081422, 13.486116015918457, 104.05149994483328, 80.08460042336195, 10.167783972844976, 28.00571624073117, 126.0554929291509, 28.517616987703008], [123.0298596380549, 101.94256590881136, 90.94502806018659, 51.23149599594322, 73.93299992463224, 0.0, 41.114324361023314, 64.62364392150839, 64.62703058987967, 57.85633352078529, 134.52692010184003, 75.49321854372882, 72.33400822093192, 155.74519118573312, 49.586234391713965], [164.00120545944282, 105.45224450356272, 131.63597365906972, 75.02762475921726, 90.33138616067883, 41.114324361023314, 0.0, 87.1671324882922, 77.44044476519491, 97.02274572821422, 163.9797451227797, 96.05387762348226, 100.16988584749431, 193.1712618602673, 76.03050661840297], [124.90570669406974, 51.83754442877801, 82.22670668906247, 13.418738304061161, 14.771689185081422, 64.62364392150839, 87.1671324882922, 0.0, 19.790402502224318, 89.76284395898038, 77.67168936233854, 11.090384548923726, 16.790347578487548, 117.67386655964285, 15.700016436143338], [143.0214297607114, 38.993812090965925, 100.70463404040173, 21.475797510080117, 13.486116015918457, 64.62703058987967, 77.44044476519491, 19.790402502224318, 0.0, 101.44006114757438, 93.12960255692822, 22.071444424914436, 36.37838705630129, 136.85491259357804, 26.4701411320504], [70.09435871192312, 139.9454335066204, 52.86689505492217, 80.51036694074003, 104.05149994483328, 57.85633352078529, 97.02274572821422, 89.76284395898038, 101.44006114757438, 0.0, 130.14662493933488, 99.72219483396013, 85.74619524076284, 127.07272921198361, 75.88499194288333], [120.5135903508136, 98.08567685027583, 87.54890599725026, 88.99769326058602, 80.08460042336195, 134.52692010184003, 163.9797451227797, 77.67168936233854, 93.12960255692822, 130.14662493933488, 0.0, 71.1498474381686, 63.84858642743429, 60.66451307013526, 88.06056543586296], [130.65903600647653, 44.82068401286672, 87.80665997404984, 24.28435123965048, 10.167783972844976, 75.49321854372882, 96.05387762348226, 11.090384548923726, 22.071444424914436, 99.72219483396013, 71.1498474381686, 0.0, 18.70347313864286, 115.91466467777056, 26.785691603741736], [112.07328861216072, 63.43782973494345, 69.23283058155045, 25.41737109349076, 28.00571624073117, 72.33400822093192, 100.16988584749431, 16.790347578487548, 36.37838705630129, 85.74619524076284, 63.84858642743429, 18.70347313864286, 0.0, 100.91592728430234, 24.217680847543246], [85.03086955751694, 152.84019833211374, 74.23556468163733, 124.4220383681406, 126.0554929291509, 155.74519118573312, 193.1712618602673, 117.67386655964285, 136.85491259357804, 127.07272921198361, 60.66451307013526, 115.91466467777056, 100.91592728430234, 0.0, 121.29004300328772], [117.52237889719517, 64.12091564945848, 75.84154338772785, 5.03361499324812, 28.517616987703008, 49.586234391713965, 76.03050661840297, 15.700016436143338, 26.4701411320504, 75.88499194288333, 88.06056543586296, 26.785691603741736, 24.217680847543246, 121.29004300328772, 0.0]], "communication_quality": [[99999.99999999999, 0.012998870888453777, 0.043501891507428544, 0.017082919058160773, 0.017062752467007676, 0.01873384401850583, 0.014519632859628786, 0.018315650700791223, 0.015706400540283525, 0.02673577647986899, 0.019379355644603975, 0.01768688242009693, 0.018360381441532403, 0.026025636384735665, 0.019892930116678413], [0.01320997599171017, 99999.99999999999, 0.01601038884088416, 0.03633588813277033, 0.05065496666233345, 0.020459651920764627, 0.02210205148608026, 0.03286380941109306, 0.045797340215477066, 0.017047443719375836, 0.023755941797260458, 0.04840502580629817, 0.03236626571925864, 0.014050325653701177, 0.02860894757559783], [0.045356756098792396, 0.01800572052123841, 99999.99999999999, 0.028894281985611298, 0.022067997394071125, 0.023746596066760783, 0.017423050885160732, 0.023356003805626305, 0.020302833349959675, 0.03694747405688866, 0.022664786137680703, 0.02396696874310841, 0.028260426511069674, 0.028352539966892465, 0.02828065839515171], [0.018594784209469094, 0.03019865036677858, 0.027871532050500518, 99999.99999999999, 0.05524498908190276, 0.03753736883107374, 0.027386232196874118, 0.12792972191782065, 0.07768597885021906, 0.02575518156005501, 0.023335336747336795, 0.05407655018535131, 0.06480506664561902, 0.01713434867688951, 0.08716039358090713], [0.015951078181554414, 0.040149817432106535, 0.02105998969975567, 0.06041937768061727, 99999.99999999999, 0.031091915306534577, 0.023736770174145067, 0.08280432652080201, 0.08405353855328408, 0.02094814201561866, 0.02879396672402563, 0.07228780541120627, 0.06486108849497527, 0.01880096208030611, 0.052548681516300266], [0.017837566249975866, 0.02324419384300022, 0.0229553211610951, 0.03291065554054638, 0.029313642862376088, 99999.99999999999, 0.05309183434948358, 0.030138669082068907, 0.028858832759614844, 0.03379629173791633, 0.01562234738266686, 0.025908590841582566, 0.030203510564586658, 0.014037686899761002, 0.03553435942540384], [0.014411910310054404, 0.019830268093098114, 0.01594857246526483, 0.025561584749773512, 0.021542554620916865, 0.038666240526883174, 99999.99999999999, 0.02219388467432936, 0.024635073849517512, 0.02408160697068196, 0.013782993299579983, 0.023514525913332508, 0.02155845648747969, 0.012341413268547036, 0.027638537983106285], [0.018618822238770028, 0.0435671951151368, 0.024583433103531102, 0.09841138314326318, 0.11401959260962725, 0.03510983774829585, 0.02664836377384696, 99999.99999999999, 0.07058001479228966, 0.02259986856713643, 0.02489645780133165, 0.11140299669845431, 0.07703352646112807, 0.018345886038888298, 0.09207700694024588], [0.014955351733740196, 0.04382842982206776, 0.021832604218809573, 0.060279411617238814, 0.11347382398038156, 0.03417024268229136, 0.02618313001819979, 0.09137678859446369, 99999.99999999999, 0.02009769265340518, 0.02255453979463536, 0.07675854566952403, 0.0588627085950094, 0.01649602471906664, 0.07177062928524054], [0.029956752154519182, 0.01701725755827631, 0.038785488658887146, 0.025523762441794825, 0.019458809453521703, 0.03039830203757629, 0.023306182753207755, 0.025405022466801437, 0.0207651466540221, 99999.99999999999, 0.01635413405070528, 0.022675056944167323, 0.023348213547438153, 0.01833790672485637, 0.02551005962625692], [0.018320721336492853, 0.02022299519132054, 0.026584033947142337, 0.022460349982532057, 0.023700392456260936, 0.015611678002016623, 0.014103691106679193, 0.027840571081602282, 0.024486930063889797, 0.01800255423003686, 99999.99999999999, 0.02952923640991329, 0.032371024364455575, 0.03134931612140606, 0.02267701066520665], [0.018156038127205197, 0.04070572137678491, 0.024532073613554615, 0.06374023453264163, 0.07857876284902116, 0.030186396887346197, 0.02405528456720075, 0.1491752690783833, 0.0829311162803712, 0.023072355301499297, 0.026874035200277355, 99999.99999999999, 0.0725804863713774, 0.01914810378697578, 0.05123809059732534], [0.018115500427186574, 0.032707483139486224, 0.030429251950536654, 0.04923751211047189, 0.05713955064451144, 0.029481598655442094, 0.02286875109919597, 0.09240352850114482, 0.04203650841146106, 0.02444939669193218, 0.03310747649285769, 0.07763924069811358, 99999.99999999999, 0.02226083105493435, 0.08080530889127577], [0.024925521823832588, 0.014488081632079297, 0.029144141913740703, 0.017478910469688615, 0.018909841356301745, 0.014209137308979814, 0.011780906433997283, 0.018560243589223865, 0.01662124484957036, 0.016569074431931195, 0.030252770580176, 0.020473064292167553, 0.020888733792101002, 99999.99999999999, 0.017156908492924405], [0.018982653015362474, 0.028407539969792613, 0.025192592306102546, 0.10939838244669195, 0.057818487212204145, 0.03597782454066428, 0.027521232883194455, 0.0667562614399286, 0.05641486312710938, 0.02774117331296092, 0.02469198899883394, 0.050065162376673814, 0.06060356411199045, 0.019157964628078658, 99999.99999999999]], "binary_threshold": 0.02}, "global_features": {"formation_type": "bee_swarm_to_wolf_pack", "cluster_centroid": [493.8253168480765, 463.70404604864785], "cluster_radius": 54.94952318074967, "velocity_coherence": 0.7354527189574734, "connectivity_density": 0.6755555555555556}}
