{"metadata": {"episode_id": 10, "frame_id": 0, "timestamp": 0.0, "transformation_progress": 0.0, "start_formation": "v_shape", "target_formation": "wolf_pack", "current_formation": "v_shape_to_wolf_pack"}, "node_features": {"positions": [[499.975, 499.35048094716166], [474.2327947336835, 458.0184214851491], [474.62103653368246, 543.0325544877687], [450.5802824974331, 413.0436352594007], [451.3594631135902, 586.1286128344557], [426.07936240260744, 371.45554903472794], [425.21276460763676, 628.9267070819811], [399.69251563307853, 327.14311840665073], [399.2490819362068, 672.927946903124], [375.9110317989561, 283.9059851562277], [376.2469711410844, 715.3672746145837], [351.16010020119165, 241.99926908583], [350.52008190543637, 758.513821099578], [325.2486261483769, 197.49383690326167], [325.244382784849, 802.5041907205696]], "velocities": [[-0.24999999999999867, -6.495190528383288], [-7.672052663165468, 13.196916743710098], [-3.7896346631751623, -2.6871570145316293], [5.802824974330882, -3.5382436215549835], [13.59463113590209, -4.739275439882254], [10.793624026074218, 13.593596023937206], [2.127646076367292, -9.771034856846992], [-3.074843669214502, 3.481991635383981], [-7.509180637932321, -2.7713385376363266], [9.110317989561356, 4.123361023373377], [12.469711410843981, -11.390763315259381], [11.601002011916691, 18.068902211615985], [5.2008190543636585, -12.938000357536396], [2.4862614837689163, 6.027282278151734], [2.4438278484899447, -6.047006039839625]], "speeds": [6.499999999999998, 15.264959993619383, 4.645658586366982, 6.796465670346075, 14.397038841939327, 17.357654578837778, 10.000000000000004, 4.645312620157282, 8.004255814458075, 10.0, 16.889144193060567, 21.472505089379677, 13.944187752889876, 6.519940783948484, 6.52216042419319], "headings": [-1.6092673542022247, 2.097391127411081, -2.5247981854482466, -0.5475541596491138, -0.335439325933203, 0.8997107121270869, -1.3563928435010646, 2.2941789203193266, -2.7880397581960303, 0.4250168166859013, -0.7402098923670333, 1.0000355310995668, -1.188584108224349, 1.179559678027062, -1.186727390891445]}, "edge_features": {"distance_matrix": [[0.0, 25.17256495508, 24.466220463886717, 44.64137331574487, 45.73549294524616, 67.6701381806429, 63.20749543984533, 85.8637173675612, 83.85310986824939, 106.87149295667076, 109.53363591426705, 122.92124579702096, 126.09609292674837, 142.81156540271638, 145.46880512891028], [25.27731974935389, 0.0, 42.86441490318507, 25.679174420620875, 60.23190894187076, 49.428408674182165, 77.43505796605992, 66.86311186578972, 97.40620613052421, 86.61322768915373, 114.26117925622273, 102.57964595212326, 140.08800108334268, 125.05208040383437, 159.92342281527363], [24.188177686871327, 42.84002852418812, 0.0, 62.24904288099844, 24.838652114404873, 77.76822884094847, 45.47211038053017, 100.56989908883955, 63.19752701464192, 118.61059548863369, 81.75307537928892, 133.53644718419065, 103.43206203328806, 159.9995327854546, 128.2504154904925], [45.18639970359192, 27.986245417651794, 62.87228260974799, 0.0, 75.28874796207218, 25.223938733305925, 96.52522091154597, 44.32582298246374, 113.92016206611233, 67.82651290288977, 130.3558220118973, 86.07995793555119, 147.60916536078525, 109.42659577207509, 171.84161391880875], [48.75149861641437, 55.4030442048756, 27.831029453957317, 73.77152636632589, 0.0, 88.77295916831476, 24.15216398704477, 110.37117735072553, 46.923546663958454, 132.00664491024895, 66.80242439707186, 149.2123539193149, 88.81264073939866, 167.73118151022553, 108.19704530151405], [65.56288457615317, 43.44682479482706, 79.74036722797254, 23.979065991279573, 93.79721608769711, 0.0, 106.95817276179315, 23.974936789579708, 127.96005068254141, 43.25776579259805, 142.9939345466137, 69.09374568817633, 161.44562838503623, 86.0798888478684, 181.984266589063], [62.75932415340836, 80.27928802407196, 43.62198021485781, 91.35561389404695, 26.008808173893158, 110.5799535744163, 0.0, 124.48274317106986, 29.429272812270796, 147.1711693123238, 42.42686248868069, 164.72818770860925, 68.55628370659443, 181.31990426581984, 88.26707992857047], [85.00182414586456, 66.78691384208723, 99.33493218482896, 47.90725142224187, 112.88818580629633, 26.20460947410115, 123.581304247257, 0.0, 146.0145741316874, 29.451260218110775, 160.1976880583476, 42.10851947776336, 180.7482756001542, 69.24321537642082, 202.56623117961075], [83.74638605132402, 93.57476223149679, 66.39710413908347, 109.71435100172086, 49.98817664105391, 125.77865118947955, 24.799048628556207, 141.93463634804488, 0.0, 161.4946260293595, 26.377839712469967, 175.85806101726556, 46.17247248914731, 195.97371723931505, 63.64212271909249], [102.25699681711711, 88.4588426329224, 118.31274046455606, 64.82840770985756, 130.03458043571356, 43.203226785442546, 142.2194104111834, 28.8183220447815, 159.93795658857945, 0.0, 178.48161281906243, 29.524836873578472, 194.68932084006983, 42.52159504052381, 214.21109290017753], [106.61154866005047, 115.21228978513365, 86.26720148321904, 129.49412551121145, 64.1624898076485, 149.1492072622932, 47.57099127931033, 163.06196023329204, 26.007290190387472, 182.29352739870987, 0.0, 195.67081559319053, 29.039975854087203, 212.67091634164095, 43.11487451892072], [122.96704650549852, 109.52668137254425, 137.4046148615822, 84.31025859381381, 147.6269384797502, 62.65256083323398, 165.46484569302925, 45.34333983979474, 180.77449990213222, 23.012711208644774, 194.55883032083452, 0.0, 209.48892281469548, 24.76659603708344, 231.6143706752779], [123.71452624187194, 138.23422710747317, 107.43278694259143, 146.5984087415083, 85.74687059164813, 167.95910255188963, 63.16275095405081, 176.90835401580017, 45.63861806262891, 196.86931827244976, 28.94290683855833, 214.63221865044662, 0.0, 229.20495627057798, 26.517278533120994], [147.54167978093255, 124.62691889294564, 160.8353970024868, 104.42237953984602, 168.92526594891171, 86.13215685634871, 183.89048290541487, 63.66579998470108, 200.57220620380227, 49.43228402142912, 213.11142375488325, 25.86251311589985, 229.92956204384313, 0.0, 246.49548076623435], [144.27863498512679, 158.4763460141148, 123.59009547594749, 168.15815327875015, 104.90394657530591, 180.96935428405183, 89.45171756735624, 201.83514832483297, 66.77629229267116, 211.82361811948743, 47.77071189563217, 234.2596586702833, 27.28903175350404, 247.00343368245123, 0.0]], "adjacency_matrix": [[0, 1, 1, 1, 1, 0, 0, 0, 0, 0, 0, 0, 0, 0, 0], [1, 0, 1, 1, 0, 1, 0, 0, 0, 0, 0, 0, 0, 0, 0], [1, 1, 0, 0, 1, 0, 1, 0, 0, 0, 0, 0, 0, 0, 0], [1, 1, 0, 0, 0, 1, 0, 1, 0, 0, 0, 0, 0, 0, 0], [1, 0, 1, 0, 0, 0, 1, 0, 1, 0, 0, 0, 0, 0, 0], [0, 1, 0, 1, 0, 0, 0, 1, 0, 1, 0, 0, 0, 0, 0], [0, 0, 1, 0, 1, 0, 0, 0, 1, 0, 1, 0, 0, 0, 0], [0, 0, 0, 1, 0, 1, 0, 0, 0, 1, 0, 1, 0, 0, 0], [0, 0, 0, 0, 1, 0, 1, 0, 0, 0, 1, 0, 1, 0, 0], [0, 0, 0, 0, 0, 1, 0, 1, 0, 0, 0, 1, 0, 1, 0], [0, 0, 0, 0, 0, 0, 1, 0, 1, 0, 0, 0, 1, 0, 1], [0, 0, 0, 0, 0, 0, 0, 1, 0, 1, 0, 0, 0, 1, 0], [0, 0, 0, 0, 0, 0, 0, 0, 1, 0, 1, 0, 0, 0, 1], [0, 0, 0, 0, 0, 0, 0, 0, 0, 1, 0, 1, 0, 0, 0], [0, 0, 0, 0, 0, 0, 0, 0, 0, 0, 1, 0, 1, 0, 0]], "physical_distances": [[0.0, 48.69291808204268, 50.50690063999542, 99.44199178279456, 99.4681587273157, 147.70808666017996, 149.59742718444394, 199.2785798422922, 200.68594185315342, 248.6125478981288, 248.94151978259123, 297.28020561185264, 299.1695329100371, 348.7789260732118, 349.9042159531195], [48.69291808204268, 0.0, 85.015019507628, 50.815083697045544, 130.1361226829765, 99.0549541019095, 177.79934037899815, 150.6140702732812, 227.61516052379662, 199.9557689865072, 275.37184647700514, 248.6185076433536, 324.96510659570765, 300.11554718244787, 375.3238496295632], [50.50690063999542, 85.015019507628, 0.0, 132.193331816664, 48.97316656087688, 178.3114211924751, 99.09078052269001, 228.5224974827979, 150.17904151572912, 277.29090134417254, 198.43566338502467, 325.3669339683743, 248.6628705703198, 376.4427211864533, 299.3975863204742], [99.44199178279456, 50.815083697045544, 132.193331816664, 0.0, 173.08673139380122, 48.26866479740086, 217.36837779088884, 99.84219354566724, 264.90516716287124, 149.17114222945915, 311.32784021054505, 197.83970240458916, 359.6688658293309, 249.33860442091614, 409.1315338823019], [99.4681587273157, 130.1361226829765, 48.97316656087688, 173.08673139380122, 0.0, 216.15644291373647, 50.153032948978264, 264.088924012289, 101.2403882905261, 311.4979654324758, 149.48082870066676, 358.4200295141307, 199.71289600587377, 408.5840577692135, 250.44640982029387], [147.70808666017996, 99.0549541019095, 178.3114211924751, 48.26866479740086, 216.15644291373647, 0.0, 257.47261644285953, 51.573803336643245, 302.6639566027416, 100.90484394157126, 347.5032981284574, 149.57213733517324, 394.36443912081836, 201.07091948186178, 442.6856950633517], [149.59742718444394, 177.79934037899815, 99.09078052269001, 217.36837779088884, 50.153032948978264, 257.47261644285953, 0.0, 302.8607229428809, 51.09033101928824, 348.52540713139786, 99.34596441309276, 393.95004680791567, 149.57211293774392, 442.8624509354455, 200.30681513760612], [199.2785798422922, 150.6140702732812, 228.5224974827979, 99.84219354566724, 264.088924012289, 51.573803336643245, 302.8607229428809, 0.0, 345.7851128255509, 49.34580696540955, 388.9314708530124, 98.00444084234078, 434.16426773801777, 149.50193602744912, 481.1555606620653], [200.68594185315342, 227.61516052379662, 150.17904151572912, 264.90516716287124, 101.2403882905261, 302.6639566027416, 51.09033101928824, 345.7851128255509, 0.0, 389.7213765058475, 48.27207927603446, 433.6035926161957, 98.48582286791363, 481.1586644841468, 149.220301763269], [248.6125478981288, 199.9557689865072, 277.29090134417254, 149.17114222945915, 311.4979654324758, 100.90484394157126, 348.52540713139786, 49.34580696540955, 389.7213765058475, 0.0, 431.46142024091665, 48.67012910155616, 475.28654333499213, 100.16855151192125, 521.0673738940811], [248.94151978259123, 275.37184647700514, 198.43566338502467, 311.32784021054505, 149.48082870066676, 347.5032981284574, 99.34596441309276, 388.9314708530124, 48.27207927603446, 431.46142024091665, 0.0, 474.03229821587587, 50.234423489526286, 520.3784475542178, 100.96586634847051], [297.28020561185264, 248.6185076433536, 325.3669339683743, 197.83970240458916, 358.4200295141307, 149.57213733517324, 393.95004680791567, 98.00444084234078, 433.6035926161957, 48.67012910155616, 474.03229821587587, 0.0, 516.5149485400996, 51.49891242877739, 561.1037262271292], [299.1695329100371, 324.96510659570765, 248.6628705703198, 359.6688658293309, 199.71289600587377, 394.36443912081836, 149.57211293774392, 434.16426773801777, 98.48582286791363, 475.28654333499213, 50.234423489526286, 516.5149485400996, 0.0, 561.5888791132851, 50.73473746286584], [348.7789260732118, 300.11554718244787, 376.4427211864533, 249.33860442091614, 408.5840577692135, 201.07091948186178, 442.8624509354455, 149.50193602744912, 481.1586644841468, 100.16855151192125, 520.3784475542178, 51.49891242877739, 561.5888791132851, 0.0, 605.0103538321888], [349.9042159531195, 375.3238496295632, 299.3975863204742, 409.1315338823019, 250.44640982029387, 442.6856950633517, 200.30681513760612, 481.1555606620653, 149.220301763269, 521.0673738940811, 100.96586634847051, 561.1037262271292, 50.73473746286584, 605.0103538321888, 0.0]], "communication_quality": [[99999.99999999999, 0.03972577305994646, 0.04087266330119983, 0.022400739531906556, 0.021864851933457136, 0.014777564803471952, 0.01582090596743612, 0.011646361399141799, 0.01192561471262139, 0.009357031316434587, 0.009129614847137552, 0.00813528948688332, 0.007930459203651354, 0.007002233517696908, 0.006874325601083839], [0.03956114075006522, 99999.99999999999, 0.023329369337361485, 0.038942046741834255, 0.016602492790659555, 0.02023127639570488, 0.012914045616106436, 0.014955927454408114, 0.01026628525083041, 0.011545579251856399, 0.008751878100599582, 0.009748521680231872, 0.007138369602556989, 0.00799666760284191, 0.006252992337621295], [0.0413424938215926, 0.02334264941044311, 99999.99999999999, 0.0160645014456959, 0.04025981735224227, 0.012858719895215823, 0.02199149702348542, 0.009943332046931043, 0.015823401468451452, 0.008430949288896672, 0.012231954248094189, 0.007488591663179078, 0.009668181061655276, 0.0062500178599942165, 0.007797245086521232], [0.022130547803192888, 0.03573182567930361, 0.01590525744316433, 99999.99999999999, 0.013282195470720405, 0.03964486332306849, 0.010359985576376216, 0.022560207732489124, 0.008778076629129921, 0.014743494981037789, 0.00767131001786504, 0.011617104699071316, 0.006774646613639073, 0.009138545355988672, 0.005819311859346006], [0.020512185743177293, 0.018049546443813156, 0.03593110496840639, 0.013555363616589457, 99999.99999999999, 0.01126469024714028, 0.04140414028718078, 0.009060335618410164, 0.0213112575238375, 0.007575375655719008, 0.0149695143451813, 0.006701857498489469, 0.011259657173551567, 0.005961920326184747, 0.009242395712279671], [0.015252529749711882, 0.02301663641833498, 0.01254069813516263, 0.041703024768913875, 0.01066129609275476, 99999.99999999999, 0.009349448300062301, 0.041710207274980586, 0.007814938463345366, 0.023117231103017378, 0.006993303130217631, 0.01447308790845082, 0.0061940354041344365, 0.011617114022953606, 0.005494980218857537], [0.01593388479163289, 0.012456511511848886, 0.022924217695583185, 0.010946233601992438, 0.038448498248327516, 0.009043229602142492, 99999.99999999999, 0.008033241348910033, 0.03397976112360582, 0.0067948086349014, 0.023569967366008318, 0.006070606088757909, 0.014586552830288285, 0.00551511401298135, 0.011329250809211485], [0.011764452026811367, 0.014972990856180566, 0.010066951044672034, 0.02087366237001664, 0.00885832210230279, 0.03816121050673266, 0.008091838204594881, 99999.99999999999, 0.006848630949755824, 0.03395439288676451, 0.006242286949939677, 0.023748157734363038, 0.0055325559336821, 0.014441846037121876, 0.004936656740909377], [0.011940812347162372, 0.010686641026772439, 0.015060895536894546, 0.00911457707878657, 0.020004726460285872, 0.007950474194454556, 0.04032411128898644, 0.007045496119022632, 99999.99999999999, 0.006192156127205373, 0.037910595856009296, 0.005686403781273258, 0.021657921473792245, 0.005102724809529398, 0.015712861233200034], [0.009779280962022125, 0.011304691053926494, 0.008452174394336123, 0.015425334063767282, 0.007690261465424305, 0.023146413889455448, 0.007031388519998252, 0.03470013456872091, 0.006252424119986318, 99999.99999999999, 0.005602817725462751, 0.0338697776920527, 0.005136388294546369, 0.023517456574063535, 0.004668292102795439], [0.009379845980759687, 0.008679628840540117, 0.011591889697217384, 0.007722357433811519, 0.015585427671893713, 0.0067046949246901116, 0.021021209835978834, 0.006132637785311342, 0.0384507423946146, 0.005485657990238096, 99999.99999999999, 0.005110623911195889, 0.03443527848204017, 0.004702100175148389, 0.023193846189270336], [0.00813225939058958, 0.009130194544073267, 0.0072777754097241906, 0.011860951420019245, 0.006773830999678007, 0.015961036980617422, 0.006043579440550216, 0.02205395065722226, 0.005531753345874816, 0.04345422650948155, 0.005139833267668352, 99999.99999999999, 0.004773521858954502, 0.0403769494497019, 0.0043175212052225485], [0.0080831245088687, 0.007234097868406714, 0.009308144518795011, 0.006821355977674383, 0.011662231828144212, 0.0059538299816335235, 0.01583211349370039, 0.005652643986412577, 0.021911263384774, 0.0050795114138657916, 0.03455076782958448, 0.004659132537027398, 99999.99999999999, 0.00436290721039392, 0.03771124633466827], [0.006777745337502799, 0.008023948025382208, 0.00621753641587476, 0.009576490294913382, 0.005919777217368177, 0.01161006435223905, 0.005438019030784565, 0.015707017632231497, 0.004985735407061044, 0.020229690322818024, 0.004692380799944226, 0.038665987673306965, 0.0043491578360756455, 99999.99999999999, 0.00405686934430925], [0.0069310326563095095, 0.006310089562577614, 0.008091262614826518, 0.005946782365494404, 0.009532528921177003, 0.005525797164377431, 0.01117921394248099, 0.004954538189974824, 0.01497537248494444, 0.004720908658197048, 0.02093332401768526, 0.004268767243103566, 0.03664474586659296, 0.004048526551255717, 99999.99999999999]], "binary_threshold": 0.02}, "global_features": {"formation_type": "v_shape_to_wolf_pack", "cluster_centroid": [407.0222330291876, 499.9874269346981], "cluster_radius": 176.2618164747118, "velocity_coherence": 0.2035206338800111, "connectivity_density": 0.32}}
{"metadata": {"episode_id": 10, "frame_id": 1, "timestamp": 0.1, "transformation_progress": 0.0125, "start_formation": "v_shape", "target_formation": "wolf_pack", "current_formation": "v_shape_to_wolf_pack"}, "node_features": {"positions": [[500.331626285733, 499.45346433797005], [474.06971868011664, 458.72805578302325], [473.62363735451373, 541.3086210598279], [450.8712375323904, 414.9660924199599], [452.7887101327722, 585.7566283939456], [425.85570077237236, 371.5945295548168], [425.2303832609033, 627.1646571647218], [400.4687220314836, 329.5476323532566], [399.93786638487217, 670.637338142374], [378.43936486869313, 285.405272595081], [377.5056312702405, 713.9120144098091], [352.493375265604, 244.8361516649157], [352.06813193129227, 755.774267941436], [326.6601672835065, 199.45993984112448], [326.72185950461096, 800.625978264242]], "velocities": [[3.5662628573300377, 1.0298339080837238], [-1.6307605356683759, 7.096342978741839], [-9.973991791687485, -17.239334279408034], [2.909550349573089, 19.224571605592246], [14.292470191820033, -3.71984440510063], [-2.2366163023508534, 1.389805200888615], [0.1761865326654224, -17.620499172593338], [7.762063984050617, 24.045139466058608], [6.887844486654111, -22.906087607500552], [25.28333069736999, 14.992874388532906], [12.58660129156136, -14.552602047745854], [13.332750644123534, 28.368825790856867], [15.48050025855908, -27.39553158141956], [14.115411351296203, 19.661029378628285], [14.774767197619836, -18.78212456327602]], "speeds": [3.711979073999583, 7.281309195236252, 19.916705517173824, 19.443498570351082, 14.768613563304534, 2.6332510287396924, 17.621379990955734, 25.26694222169958, 23.919265272052606, 29.39443984128457, 19.2406018209616, 31.345693747153884, 31.466824416896667, 24.203324437845026, 23.896902494973684], "headings": [0.2811235499520529, 1.7966775549425142, -2.095302036097441, 1.4205908515752215, -0.254617222865522, 2.5855953780236174, -1.560797707593595, 1.258544503341581, -1.278698097135065, 0.5352524251614961, -0.8577132012571265, 1.1314526900894382, -1.0564537589010823, 0.9481322332383024, -0.9042550883454725]}, "edge_features": {"distance_matrix": [[0.0, 24.873426283027673, 27.014830945006896, 44.75031835209578, 49.13346465413209, 66.15639098298728, 63.67733401429237, 86.49351195974405, 83.96051761945044, 108.31107216853889, 103.50429639599882, 125.37555962529237, 124.59949726163563, 145.7828575689569, 146.60302071836108], [26.382136568478643, 0.0, 41.087858078126736, 27.530041434839063, 57.848529917541676, 45.605413464419264, 77.18097602252382, 66.8488843996769, 96.74783365356133, 83.33037664914242, 113.49067412102343, 107.02405506928469, 132.2268586674483, 123.29750604457216, 156.58537504250197], [28.181017067771744, 37.011508325009196, 0.0, 60.93552622436536, 24.67565197143568, 78.26525887697554, 43.655332734299535, 93.03152841835302, 62.00754420633224, 112.11694598861885, 88.31827783788631, 135.98027400936223, 107.84405316481158, 154.36446519907034, 127.9464869857813], [44.27862262674196, 27.18501800502497, 61.59427348483843, 0.0, 72.10684197830585, 30.12396174590056, 91.3221011605345, 47.92477153465962, 110.84019635508828, 64.48346026778319, 127.20708815270847, 84.22696497913952, 145.83720075781017, 105.84808404963928, 166.37071252978959], [43.60377181270954, 56.88404698923025, 28.27229917747387, 76.43713229685112, 0.0, 93.2013971683358, 24.82120240779787, 111.92614209757113, 45.64399351938991, 132.68329914160108, 68.29663796094869, 150.3212632290246, 82.35821253229575, 170.12471140031903, 108.82271176626297], [64.12787074358972, 45.99766289498639, 76.91441178564885, 26.98914841493205, 89.66862441773496, 0.0, 111.37377187288412, 29.365771157626835, 124.71144455901654, 48.74923853848374, 142.587627191726, 66.3595645359795, 164.3858783642723, 83.12399654767222, 183.29643496442043], [67.69737120232084, 73.56115719520251, 49.37987528658155, 92.67615425333794, 27.920964637275794, 106.58627528922702, 0.0, 127.32134430139297, 26.986925549653456, 141.88277165086112, 45.50678858416726, 161.97170513431215, 67.08271871267704, 184.8864734222351, 87.64573212996562], [81.76311214762234, 69.20309734633483, 93.7189138027641, 47.106126469205854, 109.04730283766001, 29.727411635741287, 127.36615204092689, 0.0, 143.41286773226065, 22.575966411026595, 164.27709213708658, 47.08450129337599, 180.84817342531173, 63.94121333929667, 199.86237355263128], [88.31919432768558, 96.67832653190256, 65.16790381262125, 112.31398383224912, 46.272459262307855, 126.78615401307476, 25.734786639192997, 145.71575832375083, 0.0, 161.64038446880357, 23.21359399042026, 177.39985821533057, 42.23715448625708, 193.59035544266112, 63.57202049356449], [106.62371254539373, 84.1234567450206, 111.90092244970037, 68.64944401663067, 128.7598569692514, 48.202217818321806, 144.9107614636135, 27.427858933856413, 157.74871232046343, 0.0, 176.84175999511453, 22.906271026507525, 198.30630147123802, 50.13469077734836, 216.49330733607258], [102.94719804941654, 117.85419578574539, 82.3547880223012, 126.30589818377884, 63.359773238464854, 142.04242337093848, 42.563449222969666, 163.66710937214899, 24.839626205364763, 178.6763721398463, 0.0, 190.82000697193516, 25.71940942618705, 215.84423649459322, 46.64108766322209], [126.44227758206469, 100.9994639201335, 133.08282252903342, 84.83883899251447, 145.40002998390432, 67.05275030122291, 165.58677224513366, 46.34990808966298, 175.98039015180936, 23.091412925173135, 194.80920029700766, 0.0, 210.0732805732412, 30.35765166273825, 231.6314590753543], [122.75979074456303, 133.26654601616812, 102.26036580195832, 151.78610891313113, 88.4100639354462, 164.85263763307577, 61.50521329341291, 180.56060187876633, 46.79648958489466, 197.4641624323952, 25.85394246894302, 207.78693809433946, 0.0, 227.59706678775652, 27.676376119516856], [145.6027548065195, 128.02853868359736, 158.1332233568339, 102.26679438247307, 170.39408368761906, 86.63595032606086, 179.72254108477745, 69.65650586285659, 199.4631599566427, 44.32333529911103, 215.288920801301, 29.937241711253108, 231.89883454090756, 0.0, 247.19008671367018], [146.80345767533544, 152.46244352497678, 128.9177727519092, 167.44298477288106, 103.6648069115338, 186.27133805481458, 82.66736545187699, 200.957694643446, 66.01248241680528, 214.03749391398367, 48.92498033679182, 231.76395568194945, 24.887741636332116, 246.30281534856186, 0.0]], "adjacency_matrix": [[0, 1, 1, 1, 1, 0, 0, 0, 0, 0, 0, 0, 0, 0, 0], [1, 0, 1, 1, 0, 1, 0, 0, 0, 0, 0, 0, 0, 0, 0], [1, 1, 0, 0, 1, 0, 1, 0, 0, 0, 0, 0, 0, 0, 0], [1, 1, 0, 0, 0, 1, 0, 1, 0, 0, 0, 0, 0, 0, 0], [1, 0, 1, 0, 0, 0, 1, 0, 1, 0, 0, 0, 0, 0, 0], [0, 1, 0, 1, 0, 0, 0, 1, 0, 1, 0, 0, 0, 0, 0], [0, 0, 1, 0, 1, 0, 0, 0, 1, 0, 1, 0, 0, 0, 0], [0, 0, 0, 1, 0, 1, 0, 0, 0, 1, 0, 1, 0, 0, 0], [0, 0, 0, 0, 1, 0, 1, 0, 0, 0, 1, 0, 1, 0, 0], [0, 0, 0, 0, 0, 1, 0, 1, 0, 0, 0, 1, 0, 0, 0], [0, 0, 0, 0, 0, 0, 1, 0, 1, 0, 0, 0, 1, 0, 1], [0, 0, 0, 0, 0, 0, 0, 1, 0, 1, 0, 0, 0, 1, 0], [0, 0, 0, 0, 0, 0, 0, 0, 1, 0, 1, 0, 0, 0, 1], [0, 0, 0, 0, 0, 0, 0, 0, 0, 1, 0, 1, 0, 0, 0], [0, 0, 0, 0, 0, 0, 0, 0, 0, 0, 1, 0, 1, 0, 0]], "physical_distances": [[0.0, 48.458711219483185, 49.650486573259464, 97.90018421455572, 98.53205063531401, 147.96814077683845, 148.15648982446334, 197.08016487843486, 198.4510662045276, 246.32164294223233, 247.14104222176715, 294.42507430166097, 296.112171512952, 346.63798177926424, 347.6280113375015], [48.458711219483185, 0.0, 82.58177008266202, 49.53058615594516, 128.79883378493963, 99.58334657848081, 175.37436919118952, 148.67645578626733, 224.50183846636753, 197.95441834450799, 272.84331715792376, 246.029579370679, 321.12433624204147, 298.2440808918288, 372.2977048016522], [49.650486573259464, 82.58177008266202, 0.0, 128.37486607892382, 49.088894347999315, 176.3083906701175, 98.55539547591283, 224.04097387287075, 148.84727040025865, 273.03217664613203, 197.56164225260102, 320.26311917366496, 246.51826421391468, 372.1005003843432, 298.0362798099316], [97.90018421455572, 49.53058615594516, 128.37486607892382, 0.0, 170.8012994079802, 50.06864832164811, 213.74209760248104, 99.18027469706941, 260.6952132005916, 148.43309001454088, 307.8167904071735, 196.52582661191798, 354.8411844455193, 248.73940534564576, 405.1501149131136], [98.53205063531401, 128.79883378493963, 49.088894347999315, 170.8012994079802, 0.0, 215.84900178686985, 49.74018723987884, 261.4965215965535, 99.98973233418471, 309.4168096135266, 148.63157446483962, 355.36731089010766, 197.61232914608553, 406.366264480892, 249.1218343320934], [147.96814077683845, 99.58334657848081, 176.3083906701175, 50.06864832164811, 215.84900178686985, 0.0, 255.57089260816318, 49.11659855760485, 300.163847768635, 98.37122000769284, 345.71518575021963, 146.4572195866083, 391.2015806490157, 198.67075990200948, 440.3356702178576], [148.15648982446334, 175.37436919118952, 98.55539547591283, 213.74209760248104, 49.74018723987884, 255.57089260816318, 0.0, 298.64533032423066, 50.29498385832371, 344.9476429019334, 99.00886799462498, 389.1860203679257, 147.9633299292602, 438.9161795818069, 199.48122510711343], [197.08016487843486, 148.67645578626733, 224.04097387287075, 99.18027469706941, 261.4965215965535, 49.11659855760485, 298.64533032423066, 0.0, 341.09011888799154, 49.33396904796924, 385.0497133241688, 97.35331970568618, 428.9659217313952, 149.5677455105751, 476.81590548007887], [198.4510662045276, 224.50183846636753, 148.84727040025865, 260.6952132005916, 99.98973233418471, 300.163847768635, 50.29498385832371, 341.09011888799154, 0.0, 385.8314786189367, 48.74323315383813, 428.43626147091885, 97.67194219563095, 476.84144309772887, 149.1899132790919], [246.32164294223233, 197.95441834450799, 273.03217664613203, 148.43309001454088, 309.4168096135266, 98.37122000769284, 344.9476429019334, 49.33396904796924, 385.8314786189367, 0.0, 428.50775913524245, 48.1564943650385, 471.10766679154995, 100.33785688738875, 517.8098839451716], [247.14104222176715, 272.84331715792376, 197.56164225260102, 307.8167904071735, 148.63157446483962, 345.71518575021963, 99.00886799462498, 385.0497133241688, 48.74323315383813, 428.50775913524245, 0.0, 469.7422463014239, 48.98484095478114, 516.9586039868663, 100.49031297638318], [294.42507430166097, 246.029579370679, 320.26311917366496, 196.52582661191798, 355.36731089010766, 146.4572195866083, 389.1860203679257, 97.35331970568618, 428.43626147091885, 48.1564943650385, 469.7422463014239, 0.0, 510.9382932371505, 52.21451171967307, 556.3870077346597], [296.112171512952, 321.12433624204147, 246.51826421391468, 354.8411844455193, 197.61232914608553, 391.2015806490157, 147.9633299292602, 428.9659217313952, 97.67194219563095, 471.10766679154995, 48.98484095478114, 510.9382932371505, 0.0, 556.8942415910261, 51.51804969919226], [346.63798177926424, 298.2440808918288, 372.1005003843432, 248.73940534564576, 406.366264480892, 198.67075990200948, 438.9161795818069, 149.5677455105751, 476.84144309772887, 100.33785688738875, 516.9586039868663, 52.21451171967307, 556.8942415910261, 0.0, 601.1660415885741], [347.6280113375015, 372.2977048016522, 298.0362798099316, 405.1501149131136, 249.1218343320934, 440.3356702178576, 199.48122510711343, 476.81590548007887, 149.1899132790919, 517.8098839451716, 100.49031297638318, 556.3870077346597, 51.51804969919226, 601.1660415885741, 0.0]], "communication_quality": [[99999.99999999999, 0.04020353233953233, 0.03701669027167929, 0.022346204750320387, 0.020352723006857417, 0.015115695309017175, 0.015704172582567986, 0.011561559494194507, 0.011910358692985849, 0.00923266557750699, 0.009661433758843652, 0.007976035546547716, 0.008025713921164931, 0.006859516599417891, 0.006821141385003826], [0.03790442136330176, 99999.99999999999, 0.02433808437319125, 0.036323942305988864, 0.01728652099820354, 0.021927216634227427, 0.012956559011932923, 0.014959110528009467, 0.010336147682844915, 0.012000424337528156, 0.008811295902786407, 0.00934369292880648, 0.007562759445775037, 0.008110463471449815, 0.0063862920522791446], [0.03548486709143456, 0.027018615967567213, 99999.99999999999, 0.016410785265234856, 0.04052576182789304, 0.012777059535461264, 0.02290670367854679, 0.010749042926744964, 0.016127067303323497, 0.008919257494838795, 0.011322683268447887, 0.007354007290727162, 0.009272647660462869, 0.006478174455038231, 0.007815766930384424], [0.02258425657426586, 0.03678495382881919, 0.01623527287635633, 99999.99999999999, 0.013868307554195557, 0.03319615382842356, 0.010950250572307805, 0.020866031476362415, 0.009021996916862412, 0.01550785024204278, 0.00786119654108868, 0.011872680934435432, 0.0068569605439086885, 0.009447501242025508, 0.006010672940492547], [0.022933790566499027, 0.01757961813780842, 0.035370297973281783, 0.013082645032913478, 99999.99999999999, 0.010729451736644373, 0.040288120643367065, 0.008934462422403786, 0.021908682913303005, 0.007536742989525449, 0.014642007036301249, 0.006652418373788204, 0.01214207846226723, 0.0058780404856441084, 0.009189257388249024], [0.015593841374525085, 0.021740230256496237, 0.013001462882824218, 0.037051914869888604, 0.01115217162047264, 99999.99999999999, 0.008978773847702726, 0.034053240219706585, 0.008018509635189727, 0.020513136714519358, 0.0070132307379172105, 0.0150694154836362, 0.006083247229738124, 0.012030218964800412, 0.005455643180608928], [0.014771620146005256, 0.013594129051084682, 0.02025116085621485, 0.010790260991665747, 0.035815368660696886, 0.009382070097353068, 99999.99999999999, 0.007854142028938969, 0.03705496676938709, 0.007048071572636317, 0.021974738525067775, 0.006173917459420418, 0.01490696665430999, 0.005408724215475756, 0.011409567375413952], [0.012230452724083993, 0.014450218181611211, 0.01067020361975717, 0.021228656709168205, 0.009170331427503505, 0.0336389752281005, 0.007851378921810233, 99999.99999999999, 0.00697287451317247, 0.044294872646641247, 0.006087275627527908, 0.021238406697462808, 0.0055294998327311854, 0.015639362961412488, 0.00500344278010005], [0.011322565772782083, 0.01034357888098347, 0.015344974873299186, 0.008903610012244675, 0.0216111224653094, 0.007887295966276537, 0.03885789400321286, 0.0068626752718909815, 99999.99999999999, 0.006186572380538201, 0.04307818813540017, 0.005636982767011897, 0.02367583175062272, 0.005165546321034177, 0.015730188138339103], [0.00937877590584274, 0.011887289465031366, 0.008936476024893728, 0.014566758240462408, 0.007766395100725025, 0.020745929083798426, 0.006900798262957946, 0.03645926712029822, 0.006339195559178727, 99999.99999999999, 0.00565477262542456, 0.043656148234747644, 0.005042703848309125, 0.019946264453458463, 0.004619080220604009], [0.009713716563541789, 0.008485059937682353, 0.012142583359007277, 0.007917286011236865, 0.015782882277806054, 0.007040149737427671, 0.023494331011994978, 0.006109962733114301, 0.040258238556006874, 0.005596710589412543, 99999.99999999999, 0.005240540357708253, 0.038881126491596384, 0.004632970376743628, 0.021440318733933445], [0.007908746505009024, 0.009901041670680004, 0.007514117193003383, 0.011787052887625011, 0.006877577200877657, 0.014913629140809015, 0.0060391293703600454, 0.021575011158930638, 0.005682450995323063, 0.043306122937527995, 0.005133227522843464, 99999.99999999999, 0.00476024342395567, 0.032940613513307085, 0.0043172026840389306], [0.008145989109910554, 0.007503758106262447, 0.009778958782008013, 0.006588217731374441, 0.011310928217639127, 0.006066023290240208, 0.016258781717277303, 0.0055383064423343295, 0.021369119674985, 0.005064209814275878, 0.038678805540516364, 0.004812621818507964, 99999.99999999999, 0.004393729542196803, 0.03613188498244065], [0.00686800145126931, 0.007810757915184561, 0.0063237814011142136, 0.009778344068130326, 0.005868748020299841, 0.011542551109682697, 0.005564132013284671, 0.014356158754320307, 0.005013456871348079, 0.02256147394226709, 0.004644920648163472, 0.03340319978751123, 0.004312225021990557, 99999.99999999999, 0.004045469512309542], [0.006811828193401801, 0.00655899191492532, 0.0077568817788653014, 0.005972181764644114, 0.009646474375712127, 0.005368512175612361, 0.012096670476518613, 0.004976171487300145, 0.015148647829958662, 0.004672078405482971, 0.020439452171909685, 0.004314734592401235, 0.04018040739928314, 0.004060042748534548, 99999.99999999999]], "binary_threshold": 0.02}, "global_features": {"formation_type": "v_shape_to_wolf_pack", "cluster_centroid": [407.8044088372737, 499.9447095951003], "cluster_radius": 174.53925493536374, "velocity_coherence": 0.31401000824197856, "connectivity_density": 0.38222222222222224}}
