{"metadata": {"episode_id": 4, "frame_id": 0, "timestamp": 0.0, "transformation_progress": 0.0, "start_formation": "line", "target_formation": "circle", "current_formation": "line_to_circle"}, "node_features": {"positions": [[501.4, 500.0], [560.7129516147143, 500.7012132308196], [619.5932633569242, 500.9135454576426], [679.218577835732, 500.62400272530715], [739.0958702901694, 500.42725808102557], [799.0392310771695, 500.2773500981126], [859.0116979188069, 500.1525090040273], [919.0010760429277, 500.0463780981402], [979.0008710128936, 499.9582715070514], [1039.0060730773316, 499.8899578608206], [1099.0121708388526, 499.8444572457904], [1159.0153818736421, 499.8252798087016], [1219.013678100635, 499.8351694481202], [1279.008024138679, 499.8735725877957], [1338.6022254416314, 499.9333221875571]], "velocities": [[14.0, 0.0], [7.129516147142, 7.012132308195667], [-4.067366430758004, 9.135454576426008], [-7.8142216426798194, 6.24002725307144], [-9.041297098305801, 4.272580810255918], [-9.60768922830523, 2.773500981126146], [-9.88302081193091, 1.525090040273195], [-9.989239570722566, 0.46378098140228113], [-9.991289871063888, -0.41728492948602763], [-9.939269226682713, -1.100421391794082], [-9.878291611472621, -1.555427542095638], [-9.846181263579549, -1.7472019129840335], [-9.86321899365011, -1.6483055187979403], [-9.919758613208957, -1.2642741220426559], [-13.977745583686898, -0.6667781244286327]], "speeds": [14.0, 10.0, 10.0, 10.0, 10.0, 10.000000000000002, 10.0, 10.0, 10.0, 10.0, 10.000000000000002, 10.000000000000002, 10.000000000000002, 10.000000000000002, 13.993640150779038], "headings": [0.0, 0.7770977772345752, 1.989675347273536, 2.467738002349945, 2.7001347185967424, 2.86055775208698, 2.9884861736196497, 3.095197913344795, -3.0998520410667667, -3.0313272070439483, -2.985415782611296, -2.965971072516762, -2.9760064427377833, -3.0148259952426635, -3.0939259504608074]}, "edge_features": {"distance_matrix": [[0.0, 29.513106476802253, 51.19364352571512, 73.46394255700586, 102.13511062915543, 124.56183936832089, 149.29227494396667, 173.3572932744039, 194.68162759385157, 218.4311017061019, 248.76856569830682, 267.9955238345923, 290.3570772221506, 319.7391546829086, 342.5488878213483], [28.285539907374403, 0.0, 31.30646815432548, 57.39884549283967, 78.26269210068851, 101.65992537588777, 123.78940484167424, 153.04295929709787, 174.8427687744138, 193.54404616365605, 221.71148636502568, 243.06591869276366, 268.3803801104584, 292.3877968316829, 320.6514276671899], [53.64979606353307, 28.684636539607904, 0.0, 26.872788844300285, 52.87000857222443, 78.13411597997519, 99.30873363685016, 125.90461835136689, 149.97603201150315, 176.9611432407384, 195.33187121732124, 218.09333393870622, 246.09533175960772, 273.5100095363313, 290.31305511645417], [75.64383944079418, 57.33992145761537, 32.26546795997966, 0.0, 33.1979977733595, 52.62750949301997, 80.80608672509793, 106.25180026918959, 122.58417015190993, 151.03927317336155, 170.75482050240927, 202.30711708994883, 220.87303134343642, 242.85413234730134, 268.5650224508349], [102.17815194759012, 74.92560235187527, 55.19182023366316, 32.56572985319946, 0.0, 33.9478396427738, 57.618597775041124, 81.72753315496676, 103.45183237139092, 128.1199805442261, 148.28252699905977, 177.42273106003725, 200.0988501467372, 221.86807695601618, 247.91301028101572], [121.9847473562087, 100.21976506088089, 82.08154291998365, 57.7550922931887, 28.927259017780806, 0.0, 31.05957496227609, 55.855327080248436, 76.74303484979102, 100.42003478189304, 128.13216540718042, 147.82731583261912, 173.04299343931493, 199.66871486427272, 225.26352181355756], [150.65999663883454, 122.59324271008398, 102.45512482569781, 78.69343381497492, 57.71117875612135, 29.053242842743742, 0.0, 28.852792708484575, 51.38131338212975, 78.4309791202073, 102.59783954960955, 129.37045440208124, 154.22550084825113, 170.25235786868657, 199.26033173522154], [170.31138355795233, 149.80156395936476, 122.68080002250042, 103.58388890599075, 77.10317385829083, 53.91667792183271, 27.627951471514187, 0.0, 31.043352158185836, 50.47197326799069, 80.2165614227574, 99.38115892270292, 122.81722235167429, 150.5414564253358, 175.01539700986862], [194.60724404234549, 175.882928236638, 148.32185421414192, 123.50163510270133, 98.55271898355535, 81.90963847925579, 50.77724331125656, 31.355040341665752, 0.0, 32.28563421831853, 55.95682597212118, 80.09213125454866, 102.83713650022908, 124.2936243494002, 146.44781770988143], [222.20165926858064, 197.59891172971052, 173.3445393175117, 151.94442113291942, 126.48174521548931, 103.21888742821137, 80.02134892672352, 51.92910498323255, 26.574787689022966, 0.0, 31.01839409333958, 53.081586023843215, 78.81449633229441, 101.73117971829502, 130.2669506508728], [245.6560447338414, 219.0421912318034, 200.06503077709436, 174.15240118305383, 150.9233593263156, 123.63962912225793, 100.56308402572073, 78.62540571312455, 54.21650181895638, 29.110739359854087, 0.0, 30.927154892388206, 53.691616512441236, 76.71083116896918, 104.00273572219494], [267.4618395508943, 244.71194033730208, 219.09190476161993, 198.16260609337965, 173.20243997857438, 147.95446576823227, 126.625673500858, 105.89529053552118, 75.8731553511688, 57.847952475014054, 32.67597065241837, 0.0, 28.888405594835834, 51.59960996689708, 76.66577677670003], [292.74018284738054, 270.4874205912126, 243.75366219698734, 218.62132272084497, 200.47367070868694, 177.77846332855816, 152.11854935688643, 125.13735771175878, 101.44123418317547, 78.88291890992345, 56.774697745540536, 28.65940108830042, 0.0, 28.98840559526123, 53.66900676302891], [316.84829937137073, 291.6654134543409, 273.7870588139623, 243.80537524364885, 223.3079975974384, 196.94639272402787, 178.0799854983675, 147.5077455554701, 123.57216279036751, 102.53739250304103, 80.3625650913459, 53.504613085242624, 30.167692702284306, 0.0, 32.018610832472135], [339.365196382531, 314.87868553371976, 290.84274748275755, 272.62926548490674, 246.56924995055428, 219.65712980008502, 202.1507673701253, 175.49758445998987, 151.975647249679, 127.51696525109891, 104.17573102153781, 76.86545914433952, 52.240043951041905, 32.60158148231546, 0.0]], "adjacency_matrix": [[0, 1, 0, 0, 0, 0, 0, 0, 0, 0, 0, 0, 0, 0, 0], [1, 0, 1, 0, 0, 0, 0, 0, 0, 0, 0, 0, 0, 0, 0], [0, 1, 0, 1, 0, 0, 0, 0, 0, 0, 0, 0, 0, 0, 0], [0, 0, 1, 0, 1, 0, 0, 0, 0, 0, 0, 0, 0, 0, 0], [0, 0, 0, 1, 0, 1, 0, 0, 0, 0, 0, 0, 0, 0, 0], [0, 0, 0, 0, 1, 0, 1, 0, 0, 0, 0, 0, 0, 0, 0], [0, 0, 0, 0, 0, 1, 0, 1, 0, 0, 0, 0, 0, 0, 0], [0, 0, 0, 0, 0, 0, 1, 0, 1, 0, 0, 0, 0, 0, 0], [0, 0, 0, 0, 0, 0, 0, 1, 0, 1, 0, 0, 0, 0, 0], [0, 0, 0, 0, 0, 0, 0, 0, 1, 0, 1, 0, 0, 0, 0], [0, 0, 0, 0, 0, 0, 0, 0, 0, 1, 0, 1, 0, 0, 0], [0, 0, 0, 0, 0, 0, 0, 0, 0, 0, 1, 0, 1, 0, 0], [0, 0, 0, 0, 0, 0, 0, 0, 0, 0, 0, 1, 0, 1, 0], [0, 0, 0, 0, 0, 0, 0, 0, 0, 0, 0, 0, 1, 0, 1], [0, 0, 0, 0, 0, 0, 0, 0, 0, 0, 0, 0, 0, 1, 0]], "physical_distances": [[0.0, 59.31709643302269, 118.19679381549415, 177.81967271065227, 237.69625428783863, 297.6393602991473, 357.6117304387097, 417.6010786182659, 477.60087283582493, 537.6060843395485, 597.6121910806994, 657.6154050841278, 717.6136970308138, 777.6080344162804, 837.2022280968624], [59.31709643302269, 0.0, 58.88069459368137, 118.50565137366969, 178.38312904139264, 238.3266563823098, 298.29925095937125, 358.2887228414229, 418.28857918530684, 478.29380946624156, 538.2999010292821, 598.3030714555118, 658.3012961583203, 718.2955493397142, 777.889652837485], [118.19679381549415, 58.88069459368137, 0.0, 59.62601748977183, 119.50359634443788, 179.44709547827955, 239.41964410746718, 299.4090684609374, 359.4088771709846, 419.4140587642897, 479.4200994960167, 539.4232162849377, 599.4213847589524, 659.4155808596191, 719.0096302524654], [177.81967271065227, 118.50565137366969, 59.62601748977183, 0.0, 59.87761568507276, 119.82115469001593, 179.79373831014303, 239.78319394130546, 299.7830323761047, 359.7882440465323, 419.7943168000542, 479.7974688587782, 539.7956766480589, 599.789915755331, 659.3840093372496], [237.69625428783863, 178.38312904139264, 119.50359634443788, 59.87761568507276, 0.0, 59.94354823368232, 119.91614237839885, 179.90560893564066, 239.9054591295848, 299.91068408338407, 359.91677240365397, 419.9199430681313, 479.9181730488565, 539.9124377535326, 599.5065586293929], [297.6393602991473, 238.3266563823098, 179.44709547827955, 119.82115469001593, 59.94354823368232, 0.0, 59.9725967786128, 119.96206731985485, 179.96192280452692, 239.96715469471297, 299.9732521167312, 359.9764346589807, 419.97467980390536, 479.9689629019777, 539.5631040413601], [357.6117304387097, 298.29925095937125, 239.41964410746718, 179.79373831014303, 119.91614237839885, 59.9725967786128, 0.0, 59.989472005410455, 119.98933030902344, 179.99456664524774, 240.0006706193367, 300.00386241750107, 360.00212004824505, 419.9964188462963, 479.59057761019614], [417.6010786182659, 358.2887228414229, 299.4090684609374, 239.78319394130546, 179.90560893564066, 119.96206731985485, 59.989472005410455, 0.0, 59.999859659913724, 120.00509897715986, 180.0112080445495, 240.01440766723422, 300.01267640306475, 360.0069895695935, 419.60116462940397], [477.60087283582493, 418.28857918530684, 359.4088771709846, 299.7830323761047, 239.9054591295848, 179.96192280452692, 119.98933030902344, 59.999859659913724, 0.0, 60.00524095067275, 120.01135379455683, 180.01455998675874, 240.01283865713148, 300.0071650820116, 359.6013552942358], [537.6060843395485, 478.29380946624156, 419.4140587642897, 359.7882440465323, 299.91068408338407, 239.96715469471297, 179.99456664524774, 120.00509897715986, 60.00524095067275, 0.0, 60.00611501231507, 120.00932622516734, 180.0076133612013, 240.00195162067033, 299.5961555026325], [597.6121910806994, 538.2999010292821, 479.4200994960167, 419.7943168000542, 359.91677240365397, 299.9732521167312, 240.0006706193367, 180.0112080445495, 120.01135379455683, 60.00611501231507, 0.0, 60.003214099409526, 120.00150762120774, 179.9958556546116, 239.59007108296535], [657.6154050841278, 598.3030714555118, 539.4232162849377, 479.7974688587782, 419.9199430681313, 359.9764346589807, 300.00386241750107, 240.01440766723422, 180.01455998675874, 120.00932622516734, 60.003214099409526, 0.0, 59.998297042057345, 119.99265198310118, 179.58687606801638], [717.6136970308138, 658.3012961583203, 599.4213847589524, 539.7956766480589, 479.9181730488565, 419.97467980390536, 360.00212004824505, 300.01267640306475, 240.01283865713148, 180.0076133612013, 120.00150762120774, 59.998297042057345, 0.0, 59.994358329210556, 119.58858762060035], [777.6080344162804, 718.2955493397142, 659.4155808596191, 599.789915755331, 539.9124377535326, 479.9689629019777, 419.9964188462963, 360.0069895695935, 300.0071650820116, 240.00195162067033, 179.9958556546116, 119.99265198310118, 59.994358329210556, 0.0, 59.59423125564654], [837.2022280968624, 777.889652837485, 719.0096302524654, 659.3840093372496, 599.5065586293929, 539.5631040413601, 479.59057761019614, 419.60116462940397, 359.6013552942358, 299.5961555026325, 239.59007108296535, 179.58687606801638, 119.58858762060035, 59.59423125564654, 0.0]], "communication_quality": [[99999.99999999999, 0.03388323970415035, 0.01953367128793981, 0.013612118123157468, 0.009790951377351588, 0.008028140277871664, 0.006698269775798035, 0.005768433063458074, 0.005136591269517768, 0.004578102414941217, 0.004019800319204088, 0.0037314054666940954, 0.0034440351002519376, 0.0031275492978525767, 0.0029192912496876183], [0.03535374080668968, 99999.99999999999, 0.031942270704181215, 0.01742195016631903, 0.012777478583776147, 0.009836716857063684, 0.008078235132454521, 0.006534112639037531, 0.00571942408493875, 0.005166782281107227, 0.004510366022488976, 0.004114110132086855, 0.0037260546479883495, 0.0034201152600582415, 0.003118651228496654], [0.01863939636269667, 0.034861855404743965, 99999.99999999999, 0.03721235014610694, 0.018914311494593567, 0.012798504974078645, 0.0100696067977335, 0.007942519771467507, 0.006667731636252276, 0.005650957747995671, 0.005119491983428069, 0.004585192660813362, 0.004063465780578756, 0.0036561731877144867, 0.003444557342256943], [0.013219845465197957, 0.01743985342464495, 0.030992877317371385, 99999.99999999999, 0.030122289470709523, 0.019001465576059133, 0.012375303851168515, 0.009411604352589326, 0.008157659485594066, 0.006620794133750018, 0.005856349697737484, 0.004942979589420914, 0.004527487799858272, 0.004117697933148358, 0.003723492931579118], [0.009786827057164391, 0.013346570933630435, 0.018118623639881936, 0.030707117495497458, 99999.99999999999, 0.029456946773442003, 0.017355504386782038, 0.012235777088072514, 0.009666333407673993, 0.007805183217327877, 0.006743882457354643, 0.0056362560629227045, 0.004997529717394074, 0.0045071826855308085, 0.004033672773081763], [0.008197745535369567, 0.009978070689068362, 0.012183005369974416, 0.017314487556849743, 0.03456945760712244, 99999.99999999999, 0.03219618038085718, 0.01790339208880399, 0.01303049679560275, 0.009958171221412482, 0.007804440975283409, 0.006764649190314604, 0.005778910329366154, 0.005008295619054823, 0.004439244967657098], [0.006637461542114636, 0.008157055775042213, 0.00976036976283574, 0.012707538919648927, 0.017327662478516026, 0.034419553824581714, 99999.99999999999, 0.034658678052996765, 0.019462324715984185, 0.012750062331451022, 0.009746792982405212, 0.007729739586402169, 0.00648401159120777, 0.005873633433229468, 0.005018560097266152], [0.005871597778100073, 0.006675497283301312, 0.008151234083118573, 0.009654010039799392, 0.01296963302887616, 0.018547133337451647, 0.03619521480189735, 99999.99999999999, 0.03221300563078054, 0.019812972172904477, 0.012466252075644068, 0.010062268444213852, 0.008142179894891334, 0.006642688049647576, 0.005713782672537012], [0.005138554597673967, 0.005685599808746491, 0.006742094331798816, 0.008097058133666327, 0.010146852454657662, 0.012208573941728699, 0.01969385767816462, 0.03189278885230055, 99999.99999999999, 0.030973518547064042, 0.017870917513960582, 0.012485619491952428, 0.009724112677492198, 0.00804546431709377, 0.006828370318889516], [0.00450041623580818, 0.005060756360643856, 0.00576885748030254, 0.006581353410216201, 0.007906278643083988, 0.00968814843905399, 0.012496663558484573, 0.01925701988803181, 0.0376296373617573, 99999.99999999999, 0.03223892489732329, 0.01883892111214628, 0.012688019585935639, 0.009829827044872974, 0.007676543576387648], [0.0040707321506219755, 0.004565330307933406, 0.004998374509188569, 0.005742096782966084, 0.006625879109800897, 0.008088021018980615, 0.009944005896877366, 0.012718533707327348, 0.018444565436804027, 0.03435157191037738, 99999.99999999999, 0.03233403396268372, 0.01862487812263023, 0.013035967077943042, 0.009615130764635117], [0.0037388509863337123, 0.004086437129946601, 0.004564294401680851, 0.005046360507921295, 0.005773590385838669, 0.006758835748683129, 0.007897292021276427, 0.009443289692204643, 0.01317989035216382, 0.017286693553501115, 0.030603519160977016, 99999.99999999999, 0.03461595173737263, 0.019379987694512754, 0.013043627960313532], [0.003415998296213967, 0.0036970294620133357, 0.004102502296629439, 0.004574119037490675, 0.004988185962690652, 0.005624977992424693, 0.006573819816777865, 0.007991218117224572, 0.009857923254512438, 0.012677014074133856, 0.01761347684046065, 0.03489255229003042, 99999.99999999999, 0.03449653868504187, 0.018632724434200405], [0.003156084379885148, 0.0034285860427214683, 0.003652473450743935, 0.004101632123509668, 0.0044781197537829415, 0.005077523560566145, 0.0056154538706127, 0.006779304560863928, 0.00809243681177669, 0.00975253883547852, 0.012443603242719982, 0.018689973731929998, 0.03314803284388903, 99999.99999999999, 0.031231826168659826], [0.002946678036500903, 0.003175826164755284, 0.0034382840014824316, 0.003667984658732521, 0.004055655600379929, 0.0045525494910391845, 0.004946802644093044, 0.005698083800390672, 0.006580001153455199, 0.007842093164701084, 0.009599163780301356, 0.013009743011158623, 0.01914239983245759, 0.030673349199607142, 99999.99999999999]], "binary_threshold": 0.02}, "global_features": {"formation_type": "line_to_circle", "cluster_centroid": [919.3154061746739, 500.1534858227274], "cluster_radius": 223.6614992285659, "velocity_coherence": 0.7019369412845673, "connectivity_density": 0.28444444444444444}}
{"metadata": {"episode_id": 4, "frame_id": 1, "timestamp": 0.1, "transformation_progress": 0.0125, "start_formation": "line", "target_formation": "circle", "current_formation": "line_to_circle"}, "node_features": {"positions": [[504.2745093070892, 500.39663466657544], [562.6032640144205, 502.48785429675314], [619.1803027358588, 502.862853361182], [677.8331289349757, 502.16296554364334], [737.3017563316621, 501.68604886587553], [797.0476433554369, 501.21676720985636], [856.9109001289588, 500.8261143894044], [916.2066565493218, 500.1922952363162], [976.2027952897267, 499.8873456305311], [1036.6358956942313, 500.02980692391236], [1096.5970385499243, 499.87368195345096], [1157.0506707348443, 499.41616192130056], [1217.0434447358437, 499.46225665948003], [1276.226981272556, 499.57248996882674], [1335.4109533740934, 499.74118727840346]], "velocities": [[28.745093070892008, 3.9663466657543407], [18.903123997062124, 17.8664106593354], [-4.129606210653895, 19.493079035393865], [-13.854489007563766, 15.389628183362053], [-17.94113958507307, 12.587907848499903], [-19.91587721732533, 9.394171117437278], [-21.007977898480625, 6.73605385377083], [-27.94419493605903, 1.4591713817602114], [-27.980757231668562, -0.7092587652027855], [-23.701773831002544, 1.3984906309176737], [-24.151322889283453, 0.2922470766052627], [-19.64711138797726, -4.091178874010731], [-19.70233364791204, -3.7291278864017663], [-27.81042866122921, -3.0108261896898076], [-31.912720675380626, -1.9213490915363702]], "speeds": [29.017447881010906, 26.01031961926496, 19.925706455109264, 20.707185257365058, 21.91665835873255, 22.020277389698588, 22.061494892775315, 27.9822660223545, 27.98974496585472, 23.74299599420346, 24.153091016600985, 20.068550781527236, 20.052140682899328, 27.972933644254066, 31.9705070844429], "headings": [0.13711759562535783, 0.7572107314433827, 1.7795595942307911, 2.3037486800276707, 2.529778568951903, 2.700846347989671, 2.8313068560282058, 3.0894227007969994, -3.1162499899796647, 3.082657355849038, 3.1294925787823855, -2.936293331989241, -2.9545320738378598, -3.033750189172009, -3.081458870562147]}, "edge_features": {"distance_matrix": [[0.0, 26.159046937071253, 52.7447245403163, 75.24279190902394, 100.19909993212998, 126.18051816832204, 145.28506428337283, 171.94175725067964, 193.17367010815113, 216.50338797158372, 245.19728345041923, 267.79836668925446, 289.2484634838877, 312.2188288119066, 335.8526761934473], [31.00640963941595, 0.0, 29.568499979624367, 54.97145295702896, 77.05352282591006, 101.7497391667924, 120.74761452387324, 146.563366466419, 169.0984462072446, 195.76794933920726, 223.78783700295477, 240.18063743172118, 267.7616401698266, 292.1676239066307, 315.05461670785513], [54.691243780219104, 28.849430398035793, 0.0, 30.304893976112975, 56.07390857764279, 80.6729256016133, 105.21793381865007, 124.82239534757841, 149.7323346025167, 173.0548865192375, 199.73380274620297, 220.4653412933265, 248.53085698056088, 266.9225135226525, 294.1725870631627], [72.61171069170038, 50.90640478381582, 29.624717551916973, 0.0, 32.2602944144166, 55.18807392093054, 78.87752915439641, 99.77670399275459, 124.9659515869309, 148.10060744208326, 177.6559141657425, 197.78118243909847, 223.32055874098856, 247.79034370935213, 270.39414562814164], [100.2339985409212, 78.72324485086575, 56.37267470308496, 28.8229057100459, 0.0, 26.912879421166632, 57.397618152895696, 80.42910172909414, 102.49787354163888, 125.50552555222258, 151.17947816504284, 172.8868829659571, 201.98297530378173, 219.07374831732525, 244.99071868274777], [125.40924572996217, 104.08031949550775, 78.115092334959, 50.65732137117586, 33.84359313767445, 0.0, 30.251863731557272, 54.60426037346909, 81.87116658802316, 102.28663362095342, 122.69305827733919, 152.71987754879737, 170.8273253586169, 197.90468490928478, 222.5014404240139], [151.21914057572516, 127.65049573160941, 98.19031157948811, 81.30102071564046, 54.16448285357448, 30.9678709546482, 0.0, 29.236439508032035, 54.28366621975883, 81.38759712378149, 102.76719521279166, 124.89650654063102, 150.71929241184688, 173.48280694839661, 199.8067446271093], [172.12060527001827, 146.1101572961266, 126.23404545178113, 98.36292389422587, 81.73949313386615, 53.77908239269855, 33.79962740561315, 0.0, 29.4861847677268, 51.85495482283114, 81.73986924688779, 101.43762205896228, 123.58492937536033, 153.02745028179285, 177.78932467589686], [193.30288207576396, 171.03033610731538, 149.97064256932416, 129.4913628074811, 100.05618201720678, 77.08025648688039, 56.93065751342532, 30.65455711326989, 0.0, 27.99364877506327, 57.738419937313665, 81.92877296964392, 100.90425446989855, 124.39956234574156, 151.24674142472966], [217.06312044915086, 193.9349153766656, 169.77405565233823, 151.01247582261, 128.00230862184827, 99.43435699161557, 80.42045374900881, 53.68885863413646, 33.56713952499597, 0.0, 29.6644040114075, 54.70425222913593, 77.72425087824712, 105.25893024007134, 124.6624326892382], [246.72355521283922, 219.67293571733455, 193.5175928885836, 170.3100710532926, 146.10699568679635, 124.19771082698902, 99.07640876906973, 75.1674874174167, 50.769208111330045, 31.142003838519855, 0.0, 27.640683907831477, 52.5179711408814, 75.33254349101144, 102.46013579461443], [268.71602116047603, 240.14036743958835, 220.84061071510374, 197.16418083889795, 175.38953413750252, 147.54218035547706, 124.09880249470264, 100.55007656081817, 75.42773756846836, 52.788205385195326, 30.49109420436952, 0.0, 30.674466663784354, 55.024309557384285, 78.50044957374587], [292.49291222123196, 270.4174159398664, 243.14325783503142, 218.97153417562345, 201.08189428738586, 174.85233206533846, 153.46769008138614, 125.99341343648156, 99.11200509559379, 79.36019524179558, 53.19068029975714, 26.609131690675365, 0.0, 31.616967206110765, 55.60790904773471], [317.43648497385567, 294.3849424927608, 266.4485915319671, 244.41676841951423, 222.4330736582225, 196.23964657637902, 171.05813334607404, 146.88336233401895, 129.00908124769387, 103.4879849936179, 80.26158327658806, 52.96494718897023, 28.96460162725207, 0.0, 26.511189889191176], [338.64680442808606, 316.4005842634538, 292.9626832151014, 268.6707064351682, 242.21804579619769, 218.63077983926206, 198.50871000675858, 173.3650494220769, 149.41878163548267, 125.00215435935891, 98.43055254064424, 73.97972633565541, 51.10217187900671, 33.54353361430571, 0.0]], "adjacency_matrix": [[0, 1, 0, 0, 0, 0, 0, 0, 0, 0, 0, 0, 0, 0, 0], [1, 0, 1, 0, 0, 0, 0, 0, 0, 0, 0, 0, 0, 0, 0], [0, 1, 0, 1, 0, 0, 0, 0, 0, 0, 0, 0, 0, 0, 0], [0, 0, 1, 0, 1, 0, 0, 0, 0, 0, 0, 0, 0, 0, 0], [0, 0, 0, 1, 0, 1, 0, 0, 0, 0, 0, 0, 0, 0, 0], [0, 0, 0, 0, 1, 0, 1, 0, 0, 0, 0, 0, 0, 0, 0], [0, 0, 0, 0, 0, 1, 0, 1, 0, 0, 0, 0, 0, 0, 0], [0, 0, 0, 0, 0, 0, 1, 0, 1, 0, 0, 0, 0, 0, 0], [0, 0, 0, 0, 0, 0, 0, 1, 0, 1, 0, 0, 0, 0, 0], [0, 0, 0, 0, 0, 0, 0, 0, 1, 0, 1, 0, 0, 0, 0], [0, 0, 0, 0, 0, 0, 0, 0, 0, 1, 0, 1, 0, 0, 0], [0, 0, 0, 0, 0, 0, 0, 0, 0, 0, 1, 0, 1, 0, 0], [0, 0, 0, 0, 0, 0, 0, 0, 0, 0, 0, 1, 0, 1, 0], [0, 0, 0, 0, 0, 0, 0, 0, 0, 0, 0, 0, 1, 0, 1], [0, 0, 0, 0, 0, 0, 0, 0, 0, 0, 0, 0, 0, 1, 0]], "physical_distances": [[0.0, 58.366230178500125, 114.93225656074411, 173.56760749605513, 233.0308143676039, 292.77428274676095, 352.6366523558019, 411.93219792363783, 471.92856078630416, 532.3615127698779, 592.3227600963595, 652.7768977645876, 712.7695478725926, 771.9529118981791, 831.1367025150696], [58.366230178500125, 0.0, 56.57828147607049, 115.23032292895519, 174.70033231183712, 234.44782504211227, 294.31232739191745, 353.61084373021066, 413.6077065487008, 474.0390046126735, 534.0001733517648, 594.4553428565399, 654.4471746319574, 713.629672296832, 772.8125703643456], [114.93225656074411, 56.57828147607049, 0.0, 58.65700183354876, 118.12731550494861, 177.87495736808648, 237.7393220368043, 297.03835903872545, 357.034891622138, 417.4652060284091, 477.42609352763907, 537.8814111430565, 597.872813079857, 657.0549172385514, 716.2374534418045], [173.56760749605513, 115.23032292895519, 58.65700183354876, 0.0, 59.47053971474832, 119.21826932057527, 179.0827610542488, 238.3816733911557, 298.3783441314641, 358.8091077436493, 418.7701670550962, 479.22541386997466, 539.2170791940374, 598.3994594575714, 657.5822839797687], [233.0308143676039, 174.70033231183712, 118.12731550494861, 59.47053971474832, 0.0, 59.74773001152712, 119.61223502312056, 178.91113610336444, 238.90781014561153, 299.3387213931741, 359.29985318411406, 419.7550518211676, 479.7468424540927, 538.9293694064227, 598.1123590708826], [292.77428274676095, 234.44782504211227, 177.87495736808648, 119.21826932057527, 59.74773001152712, 0.0, 59.864531411836396, 119.1634170715367, 179.16008435567912, 239.59119252067308, 299.5524061652471, 360.0075303403299, 419.99946605256713, 479.18215903175485, 538.3653321958782], [352.6366523558019, 294.31232739191745, 237.7393220368043, 179.0827610542488, 119.61223502312056, 59.864531411836396, 0.0, 59.29914380648205, 119.29558892863676, 179.72675965619814, 239.68803073724658, 300.14308232127536, 360.1351271299946, 419.3179551125991, 478.50128319831373], [411.93219792363783, 353.61084373021066, 297.03835903872545, 238.3816733911557, 178.91113610336444, 119.1634170715367, 59.29914380648205, 0.0, 59.996913737458094, 120.42934876297169, 180.3906633746528, 240.84526474879848, 300.8376739750291, 360.02085824628637, 419.20453954452944], [471.92856078630416, 413.6077065487008, 357.034891622138, 298.3783441314641, 238.90781014561153, 179.16008435567912, 119.29558892863676, 59.996913737458094, 0.0, 60.43326831903965, 120.39424403555051, 180.848489258552, 240.84102459145262, 300.0243511929441, 359.2081878195808], [532.3615127698779, 474.0390046126735, 417.4652060284091, 358.8091077436493, 299.3387213931741, 239.59119252067308, 179.72675965619814, 120.42934876297169, 60.43326831903965, 0.0, 59.961346112034725, 120.41633862674394, 180.408441777275, 239.59152202738213, 298.7751970845383], [592.3227600963595, 534.0001733517648, 477.42609352763907, 418.7701670550962, 359.29985318411406, 299.5524061652471, 239.68803073724658, 180.3906633746528, 120.39424403555051, 59.961346112034725, 0.0, 60.45536344220765, 120.4471088647461, 179.63019523217017, 238.81395157838756], [652.7768977645876, 594.4553428565399, 537.8814111430565, 479.22541386997466, 419.7550518211676, 360.0075303403299, 300.14308232127536, 240.84526474879848, 180.848489258552, 120.41633862674394, 60.45536344220765, 0.0, 59.992791709170135, 119.17641306835655, 178.3605787853235], [712.7695478725926, 654.4471746319574, 597.872813079857, 539.2170791940374, 479.7468424540927, 419.99946605256713, 360.1351271299946, 300.8376739750291, 240.84102459145262, 180.408441777275, 120.4471088647461, 59.992791709170135, 0.0, 59.18363919509225, 118.36783728494962], [771.9529118981791, 713.629672296832, 657.0549172385514, 598.3994594575714, 538.9293694064227, 479.18215903175485, 419.3179551125991, 360.02085824628637, 300.0243511929441, 239.59152202738213, 179.63019523217017, 119.17641306835655, 59.18363919509225, 0.0, 59.184212527479104], [831.1367025150696, 772.8125703643456, 716.2374534418045, 657.5822839797687, 598.1123590708826, 538.3653321958782, 478.50128319831373, 419.20453954452944, 359.2081878195808, 298.7751970845383, 238.81395157838756, 178.3605787853235, 118.36783728494962, 59.184212527479104, 0.0]], "communication_quality": [[99999.99999999999, 0.038227677794563465, 0.018959238466460263, 0.013290307838470712, 0.009980128572772268, 0.007925153068514835, 0.006883019504464301, 0.005815922541624611, 0.00517668866400503, 0.004618865151166131, 0.004078348443116921, 0.0037341525828603933, 0.0034572351859125856, 0.003202881683262044, 0.0029774959114783187], [0.03225138573332024, 99999.99999999999, 0.03381976300764222, 0.018191256812315457, 0.012977990279295012, 0.009828034055993187, 0.008281736422916445, 0.006822986916033029, 0.00591371454494188, 0.005108088184478132, 0.004468517899396013, 0.004163532785397629, 0.0037346647638515622, 0.0034226926050254236, 0.0031740527363443016], [0.018284459230329127, 0.03466271741160306, 99999.99999999999, 0.03299795969616743, 0.017833602954203196, 0.012395730892182903, 0.009504082323862597, 0.008011382229139203, 0.006678583726546362, 0.0057785131776888835, 0.005006663550105441, 0.0045358601437080785, 0.0040236450793784745, 0.0037464054617898693, 0.0033993648966062157], [0.013771881322656788, 0.019643889758229845, 0.03375558469685543, 99999.99999999999, 0.030997847607201014, 0.01811985357985479, 0.012677880303068035, 0.0100223785689376, 0.008002179051808146, 0.006752166312818131, 0.005628858168934794, 0.005056092481128729, 0.004477867872349094, 0.0040356696095319305, 0.0036983047864956285], [0.009976653778061199, 0.012702726810450248, 0.017739087738449958, 0.03469461625811372, 99999.99999999999, 0.03715691705750157, 0.017422322701840603, 0.012433309015872961, 0.009756299012688966, 0.007967776047486783, 0.00661465395959205, 0.005784128471768582, 0.004950912070618242, 0.004564672682300516, 0.004081787116503319], [0.007973893108442114, 0.00960796343408157, 0.012801621838911271, 0.019740479273825353, 0.02954768131312848, 99999.99999999999, 0.03305580371231184, 0.018313585973412733, 0.012214310843876267, 0.009776447487178569, 0.008150419693959965, 0.006547935675243854, 0.005853864066314126, 0.005052937225457831, 0.00449435272486688], [0.006612919039637348, 0.007833889840613263, 0.010184303136134134, 0.012299967063118953, 0.018462279388516547, 0.032291521704842466, 99999.99999999999, 0.034203879637480374, 0.01842174424502237, 0.012286882921611288, 0.009730730712481492, 0.008006628428861604, 0.006634850241460497, 0.005764259640177824, 0.005004835806808717], [0.005809879301391215, 0.006844150674150314, 0.007921792549729021, 0.010166431199331095, 0.01223398677090419, 0.01859458677171293, 0.029586116205907242, 99999.99999999999, 0.03391417603652672, 0.019284556520607482, 0.012233930478164665, 0.009858274288369958, 0.008091600845979574, 0.006534774857784003, 0.005624634356290053], [0.005173228342636776, 0.005846915607435747, 0.006667971252160476, 0.007722522190622934, 0.009994383954048829, 0.01297348913771863, 0.017565225276239407, 0.032621566512583876, 99999.99999999999, 0.035722375843589234, 0.01731948723035412, 0.012205722625838564, 0.009910383919386449, 0.008038612843625519, 0.006611712255503655], [0.004606954658447901, 0.0051563688080307, 0.005890181142553249, 0.00662196900178619, 0.00781235848511664, 0.010056885061523258, 0.012434646026426638, 0.018625834841380508, 0.02979103123592142, 99999.99999999999, 0.03371042487525452, 0.01828011126100869, 0.01286599561964921, 0.009500380658585683, 0.00802166216566786], [0.004053119121950663, 0.004552221925802169, 0.005167488564726295, 0.005871643027913802, 0.006844298774718985, 0.008051677545621217, 0.01009321907699177, 0.01330362236814731, 0.019696974607864452, 0.03211096126234105, 99999.99999999999, 0.03617854180269579, 0.019041097511297386, 0.013274473699067143, 0.009759892417140818], [0.0037214006015249775, 0.004164230982986475, 0.004528152460185546, 0.005071914913885635, 0.005701594156696231, 0.006777722342271557, 0.00805809483505482, 0.009945292283713207, 0.01325772056354017, 0.01894362203198205, 0.03279645083685409, 99999.99999999999, 0.03260039318553866, 0.01817378221201101, 0.012738778924734417], [0.0034188861474180672, 0.003697986535166463, 0.004112801513708712, 0.004566803434504541, 0.0049730979201927684, 0.005719111269475144, 0.006516029102343265, 0.007936922203754079, 0.01008959407227769, 0.01260077386333854, 0.018800282424696522, 0.03758106937926636, 99999.99999999999, 0.03162857706102041, 0.01798305020444272], [0.003150236396361297, 0.003396912754990733, 0.0037530690506552547, 0.004091372149106765, 0.004495734103729555, 0.005095809977688108, 0.005845965473721196, 0.006808122554035306, 0.007751391706806366, 0.009662956558987058, 0.01245925926929855, 0.018880407972995523, 0.034524888953081125, 99999.99999999999, 0.03771990721580685], [0.0029529290027098627, 0.003160550321746049, 0.003413403901450934, 0.0037220282629547605, 0.004128511380841898, 0.004573921178875138, 0.005037562077705973, 0.0057681749905866934, 0.006692598628689008, 0.007999861483399427, 0.010159446153597639, 0.01351721497712392, 0.019568636078351284, 0.02981199635608917, 99999.99999999999]], "binary_threshold": 0.02}, "global_features": {"formation_type": "line_to_circle", "cluster_centroid": [917.7683960672629, 500.65429759370073], "cluster_radius": 222.7789152390438, "velocity_coherence": 0.690242005668855, "connectivity_density": 0.28444444444444444}}
