{"metadata": {"episode_id": 14, "frame_id": 0, "timestamp": 0.0, "transformation_progress": 0.0, "start_formation": "wolf_pack", "target_formation": "v_shape", "current_formation": "wolf_pack_to_v_shape"}, "node_features": {"positions": [[499.73786335070866, 500.30213304535965], [477.2623109967514, 406.202582546849], [454.6301231335848, 591.602657668914], [498.2428064370877, 637.1716377457411], [405.5797322783378, 438.0027752293423], [666.3138254768932, 556.1767858750684], [374.5432941898319, 474.0269923903164], [550.6373863605929, 461.7572267838158], [472.06518267673385, 577.3766018549876], [547.4544254182717, 360.2192153276279], [568.2360455387113, 585.1799416410121], [550.5222967717082, 622.5425627577207], [465.1755850793945, 564.5330835072361], [565.9458251409088, 396.42825422833954], [469.8145873432782, 658.1052240478692]], "velocities": [[-2.62136649291356, 3.0213304535965717], [2.8804845094684848, 12.307926079533024], [3.477051054861047, -3.1428373897402464], [4.048678137007089, -18.02354475998557], [11.385958710933428, 5.555644584193861], [-11.765585524020773, -4.978402412123854], [0.799067920847341, 12.189279573054387], [-9.5081235155534, -10.103576902231227], [3.960274410145769, 13.908352371895694], [-13.614252805595363, -6.907104676523902], [-9.091326191646054, -1.6975141491076888], [-11.631363967130941, -3.281262199062006], [-3.7102975873252615, 3.918553713765313], [-8.126355140299541, 1.559084795584158], [-12.137756236285103, 7.4674998784856825]], "speeds": [4.0, 12.6404998077029, 4.68692979427467, 18.472681461344003, 12.669066363113084, 12.775503641739052, 12.215442933115778, 13.873956861916499, 14.461190791372333, 15.266170917002063, 9.248446691706144, 12.085334474265297, 5.396422091921237, 8.274563025688696, 14.250918597994362], "headings": [2.285431140427299, 1.3408991343804473, -0.7349546935319234, -1.349831480932338, 0.4539517186457319, -2.7413048008869767, 1.5053350166543606, -2.3258416650817244, 1.2933969787091109, -2.67208740036372, -2.9570002620499327, -2.8666333506424873, 2.3289027774571314, 2.952040602312335, 2.590050535384209]}, "edge_features": {"distance_matrix": [[0.0, 43.737808630250505, 49.246304352144676, 59.90192348994631, 53.48516194117271, 75.12281156740855, 59.92620598652422, 33.84543461876805, 36.25811675939433, 63.530685666548756, 51.58008089939233, 59.59912964889834, 36.29847691708083, 58.081293540657065, 72.83076352054253], [48.56528862287461, 0.0, 83.74238309990545, 95.37801766475228, 39.26895359767027, 105.03275007005186, 56.74687694255865, 42.79544729811861, 78.54205848750874, 38.540724233230094, 87.95899892060532, 98.29280863646296, 69.21998173570175, 44.8921823239452, 104.7686949258046], [46.2580974538493, 77.86659883875505, 0.0, 30.27377195198626, 67.93526863766185, 89.17733363432949, 64.32432690290308, 68.42915821897054, 11.849503133162445, 104.42279518569288, 55.04027421150234, 46.67031900840574, 21.099961229556826, 97.31936766736784, 33.02248806596685], [63.663853577474775, 101.02809009651159, 29.18345750330804, 0.0, 95.35657440805453, 78.19924607672279, 88.4671257479823, 78.3921202830459, 35.04659208150736, 118.98446691747237, 39.33778413094158, 30.34229471501311, 39.52583714007046, 103.36409337418947, 16.463761920960323], [53.61556575192053, 35.64060534447944, 67.63312034363835, 97.59771244162597, 0.0, 118.30293603812821, 28.617414595274585, 64.21638625707607, 71.36794778960136, 70.10037589672258, 93.83466585108806, 103.73207196959399, 60.539718893490786, 72.96555095725631, 95.20337871107036], [74.34141559923457, 104.52936752358741, 93.51054387343112, 84.02146326130783, 124.83435275890244, 0.0, 124.4940772755956, 66.18053096035658, 85.90751325869294, 98.05142560181814, 44.53217922097399, 62.34307070615579, 88.0726168977966, 78.20776053296292, 98.28815623400621], [58.3405547115033, 57.77667401674408, 60.918086157565995, 86.37579033919148, 25.465915966488154, 130.5486239088715, 0.0, 74.82828841073169, 67.0986945265552, 88.44088439546428, 96.4943770057016, 97.51901083213652, 56.844281245535456, 85.9021482015804, 87.27180947916028], [30.289850714383316, 41.734957168959724, 73.96300833017494, 81.48698532057111, 65.7813305806493, 67.90523080976871, 78.49035922164056, 0.0, 58.82661867774586, 50.880013425543424, 53.10924958785285, 70.91280933111669, 57.24192599316147, 33.454764456252846, 90.39739315674231], [43.07117738280739, 73.4624495097873, 11.644979323867396, 29.140272153203632, 71.86106017050712, 88.41503399210228, 66.83859211159962, 64.1023876640314, 0.0, 96.9131326408888, 47.329581805533245, 40.71933750710018, 11.860470631742187, 89.4551726782105, 36.009150642319106], [61.33440944294578, 42.86279545659099, 102.77577999664211, 121.10188098179843, 73.38312368443053, 97.68706370055611, 86.82971005765579, 47.38274361232545, 95.47252655285615, 0.0, 96.45669115669114, 111.59193622481966, 95.33745373755143, 21.592024685527267, 130.55159883109627], [49.11455579691015, 87.24280700805029, 48.44196529110543, 38.14350007131106, 94.17890445287706, 44.41220290705132, 97.35886436134624, 56.2376575018263, 41.32440136606941, 97.89343319736155, 0.0, 21.204445595073896, 46.47989938215467, 79.04858704708214, 56.82401901373269], [62.88561004683285, 94.93910171460584, 49.658857274615876, 28.33528463440859, 102.97803182922836, 63.53519087486836, 101.41111789948103, 73.09515617052539, 40.912479339590945, 114.41614098438025, 24.6338075656274, 0.0, 44.56871868420965, 100.36183461145555, 41.441724766905466], [32.441595135206065, 67.37640945194336, 21.026892769513992, 41.54785413827773, 58.25793664249176, 90.645136056946, 56.45125842601664, 57.558489155604946, 8.408843558460964, 90.52694752765315, 45.96277155021376, 51.40189289419615, 0.0, 87.04869111655891, 45.24286683252809], [53.85047729816195, 45.11794061512412, 94.60460882069232, 108.94001209552127, 69.08590959888353, 78.40140204347014, 87.11751983310474, 31.957701393369952, 86.10027971889616, 26.47323326925731, 79.99261613025989, 99.22267368287638, 80.68197279474632, 0.0, 120.96707956571998], [69.939178941802, 109.08299847657688, 29.50010189455099, 19.31552037813496, 97.25061705637431, 92.5671900573866, 89.80458598374139, 90.89546648334488, 41.218349070115664, 125.98224618990204, 57.74641559080154, 39.43592668623664, 42.7753863533227, 121.61605191284411, 0.0]], "adjacency_matrix": [[0, 1, 1, 0, 0, 0, 0, 1, 1, 0, 0, 0, 1, 0, 0], [1, 0, 0, 0, 1, 0, 0, 1, 0, 1, 0, 0, 0, 1, 0], [1, 0, 0, 1, 0, 0, 0, 0, 1, 0, 0, 1, 1, 0, 1], [0, 0, 1, 0, 0, 0, 0, 0, 1, 0, 1, 1, 1, 0, 1], [0, 1, 0, 0, 0, 0, 1, 0, 0, 0, 0, 0, 0, 0, 0], [0, 0, 0, 0, 0, 0, 0, 0, 0, 0, 1, 0, 0, 0, 0], [0, 0, 0, 0, 1, 0, 0, 0, 0, 0, 0, 0, 0, 0, 0], [1, 1, 0, 0, 0, 0, 0, 0, 0, 0, 0, 0, 0, 1, 0], [1, 0, 1, 1, 0, 0, 0, 0, 0, 0, 1, 1, 1, 0, 1], [0, 1, 0, 0, 0, 0, 0, 1, 0, 0, 0, 0, 0, 1, 0], [1, 0, 1, 1, 0, 1, 0, 0, 1, 0, 0, 1, 1, 0, 0], [0, 0, 1, 1, 0, 0, 0, 0, 1, 0, 1, 0, 1, 0, 1], [1, 0, 1, 1, 0, 0, 0, 0, 1, 0, 1, 0, 0, 0, 1], [0, 1, 0, 0, 0, 0, 0, 1, 0, 1, 0, 0, 0, 0, 0], [0, 0, 1, 1, 0, 0, 0, 0, 1, 0, 0, 1, 1, 0, 0]], "physical_distances": [[0.0, 96.74645139557953, 101.83562256907842, 136.8776698811852, 112.90245183931981, 175.69726232102914, 127.92209802774445, 63.84724928565789, 81.89170286402701, 147.98680391122852, 109.069901233388, 132.36986565738675, 72.93946857867684, 123.17985592176014, 160.61512374917618], [96.74645139557953, 0.0, 186.77634695737316, 231.91999837959395, 78.41966810925219, 241.31460128050549, 123.09080787936544, 92.03379912263414, 171.25289787001486, 83.91306803937952, 200.77130134765773, 228.40755800408013, 158.79117254359093, 89.22053112952749, 252.01271670852253], [101.83562256907842, 186.77634695737316, 0.0, 63.07612932143115, 161.2416346000708, 214.62754303705844, 142.26010416125374, 161.48445904815998, 22.502487980090198, 249.308340182077, 113.7873318374884, 100.76004511684366, 29.051137894153154, 224.68696729398326, 68.21406957749113], [136.8776698811852, 231.91999837959395, 63.07612932143115, 0.0, 219.66948151399217, 186.56911178067728, 204.73823443205788, 183.07213763563206, 65.27414727834555, 281.2906463535719, 87.19053838452626, 54.28770528077971, 79.8110311309089, 250.08213740492673, 35.30408866284868], [112.90245183931981, 78.41966810925219, 161.2416346000708, 219.66948151399217, 0.0, 286.2645003282264, 47.55002325217814, 146.98978527945746, 154.4194892588141, 161.798364468044, 219.3585980909458, 234.65566301057785, 139.86273479374003, 165.66751201267425, 229.284113233181], [175.69726232102914, 241.31460128050549, 214.62754303705844, 186.56911178067728, 286.2645003282264, 0.0, 303.1148816820471, 149.31875871977257, 195.4020660773225, 229.18753551873303, 102.27626294495715, 133.46195885390588, 201.311746950642, 188.66194331324505, 221.36250155669453], [127.92209802774445, 123.09080787936544, 142.26010416125374, 204.73823443205788, 47.55002325217814, 303.1148816820471, 0.0, 176.52103683550848, 142.09736278535146, 207.0035492996421, 223.3200843010466, 230.2726297050247, 128.0842093357119, 206.53448384908756, 207.27135515864603], [63.84724928565789, 92.03379912263414, 161.48445904815998, 183.07213763563206, 146.98978527945746, 149.31875871977257, 176.52103683550848, 0.0, 139.79066880012465, 101.58788811092235, 124.67108464912124, 160.78537716426501, 133.66598745926382, 67.09860619301155, 212.33195913615543], [81.89170286402701, 171.25289787001486, 22.502487980090198, 65.27414727834555, 154.4194892588141, 195.4020660773225, 142.09736278535146, 139.79066880012465, 0.0, 229.87141719782306, 96.48692644826775, 90.52890575047857, 14.574721904801208, 203.85259267004804, 80.75998774464985], [147.98680391122852, 83.91306803937952, 249.308340182077, 281.2906463535719, 161.798364468044, 229.18753551873303, 207.0035492996421, 101.58788811092235, 229.87141719782306, 0.0, 225.91857851508271, 262.3412861933295, 220.25885747915967, 40.65742689614765, 307.837649821439], [109.069901233388, 200.77130134765773, 113.7873318374884, 87.19053838452626, 219.3585980909458, 102.27626294495715, 223.3200843010466, 124.67108464912124, 96.48692644826775, 225.91857851508271, 0.0, 41.349030848270516, 105.1082835026939, 188.76558110683672, 122.49440904561831], [132.36986565738675, 228.40755800408013, 100.76004511684366, 54.28770528077971, 234.65566301057785, 133.46195885390588, 230.2726297050247, 160.78537716426501, 90.52890575047857, 262.3412861933295, 41.349030848270516, 0.0, 103.19477157106026, 226.639726767122, 88.19544908452879], [72.93946857867684, 158.79117254359093, 29.051137894153154, 79.8110311309089, 139.86273479374003, 201.311746950642, 128.0842093357119, 133.66598745926382, 14.574721904801208, 220.25885747915967, 105.1082835026939, 103.19477157106026, 0.0, 195.99457877436862, 93.68706328709588], [123.17985592176014, 89.22053112952749, 224.68696729398326, 250.08213740492673, 165.66751201267425, 188.66194331324505, 206.53448384908756, 67.09860619301155, 203.85259267004804, 40.65742689614765, 188.76558110683672, 226.639726767122, 195.99457877436862, 0.0, 278.77598787276435], [160.61512374917618, 252.01271670852253, 68.21406957749113, 35.30408866284868, 229.284113233181, 221.36250155669453, 207.27135515864603, 212.33195913615543, 80.75998774464985, 307.837649821439, 122.49440904561831, 88.19544908452879, 93.68706328709588, 278.77598787276435, 0.0]], "communication_quality": [[99999.99999999999, 0.022863508773809018, 0.020306088143963813, 0.016693951960128895, 0.018696770781626734, 0.013311534086917766, 0.016687187461075014, 0.029546073667044623, 0.027580023828476026, 0.015740422633629944, 0.01938732527537638, 0.016778765698482436, 0.02754935769869333, 0.017217244432194904, 0.01373045968978953], [0.020590833956676068, 99999.99999999999, 0.011941383127264952, 0.010484595084257106, 0.025465403422547356, 0.009520839015684701, 0.01762211204664386, 0.023366966101889566, 0.0127320303533773, 0.025946573667965902, 0.011368932099981171, 0.010173683223985168, 0.014446693432415244, 0.022275588431590287, 0.00954483498395998], [0.021617832095653242, 0.012842475290927132, 99999.99999999999, 0.03303188222687156, 0.014719892522022006, 0.011213610534313365, 0.015546215447342887, 0.014613651254681934, 0.08439165295334933, 0.009576452176530989, 0.018168510833943323, 0.02142688987300456, 0.047393429551183495, 0.010275445897506083, 0.030282384997112163], [0.015707497845823717, 0.00989823622382986, 0.03426597610056607, 99999.99999999999, 0.010486952801505047, 0.01278784543703179, 0.011303632603735646, 0.01275638251428247, 0.028533436641712505, 0.0084044576730257, 0.025420845832670593, 0.032957285525684166, 0.025299900504503578, 0.009674538523106901, 0.06073942258194686], [0.018651296493149748, 0.028057876956798816, 0.014785653050791565, 0.010246140739586506, 99999.99999999999, 0.008452874873274136, 0.03494374543281312, 0.015572346912721826, 0.014011890363292763, 0.014265256705908565, 0.010657041130370191, 0.009640219120378983, 0.016518078595286204, 0.013705095758611468, 0.010503827789521938], [0.013451450411926136, 0.009566688558671906, 0.0106939800758054, 0.011901719419867675, 0.00801061484914486, 99999.99999999999, 0.008032509992111317, 0.01511018171639031, 0.011640424052136906, 0.010198728798433393, 0.02245566673216719, 0.016040272451618827, 0.011354265623988308, 0.012786453228180453, 0.010174164788253169], [0.01714073226656349, 0.01730801995680806, 0.016415483461818602, 0.0115773167492871, 0.03926815782453575, 0.007659980576265873, 99999.99999999999, 0.013363928102587757, 0.014903417391676119, 0.011306986511562069, 0.010363297089403891, 0.010254409770185664, 0.017591916058563573, 0.01164115105994627, 0.011458452521879539], [0.03301434791759027, 0.023960723293529926, 0.013520270299623867, 0.012271896835390535, 0.015201879304572383, 0.014726403854474542, 0.012740416562141617, 99999.99999999999, 0.016999104359320533, 0.019654079001425292, 0.018829108290350182, 0.014101822624350205, 0.01746970962197133, 0.029891099738473814, 0.01106226467884343], [0.02321737710902224, 0.013612394775140509, 0.08587384429373542, 0.034316757632700604, 0.013915740436752016, 0.011310292398761069, 0.014961414039304888, 0.015600040504586486, 99999.99999999999, 0.010318517930075752, 0.021128430688960455, 0.024558350298359552, 0.08431361519394935, 0.011178782157286678, 0.02777071117910947], [0.016304059108771956, 0.02333025076981354, 0.00972991791191945, 0.00825750937407162, 0.013627109524925709, 0.010236768920577332, 0.011516794011727668, 0.02110472532225047, 0.010474216315038129, 99999.99999999999, 0.010367346052769613, 0.008961220176098923, 0.010489056041524638, 0.04631337502761058, 0.007659806025782262], [0.020360558701364127, 0.011462261700097618, 0.020643253995953643, 0.026216779686254715, 0.010618087985080307, 0.0225163290577946, 0.010271277339223464, 0.017781676310944534, 0.024198771789912983, 0.010215188753591132, 99999.99999999999, 0.04715989974448175, 0.021514671893571643, 0.01265044589474991, 0.017598188959081544], [0.015901886619791125, 0.010533066740776717, 0.020137390457779732, 0.0352916746729594, 0.009710808073611757, 0.015739306498290376, 0.009860850783468286, 0.013680795220672693, 0.02444241394600992, 0.008740024825136068, 0.04059460119552651, 99999.99999999999, 0.022437256559088077, 0.00996394599831675, 0.024130263986887435], [0.030824615361426323, 0.014841987866589676, 0.04755812165783433, 0.024068625926758715, 0.017165040267152622, 0.011032030323739232, 0.01771439381048754, 0.017373628824069533, 0.11892227555726702, 0.011046433320091767, 0.021756733737002244, 0.019454532686433115, 99999.99999999999, 0.011487822186582565, 0.02210292691381274], [0.018569934092947986, 0.02216412727897235, 0.010570308431719782, 0.009179362926172123, 0.014474729522398375, 0.012754872315890738, 0.011478746033269633, 0.03129135211501607, 0.011614362776999263, 0.03777398899821519, 0.012501152273355812, 0.010078340585869254, 0.012394340909345079, 99999.99999999999, 0.008266711248407046], [0.014298135496425658, 0.009167330585814632, 0.033898176507754584, 0.05177181161600371, 0.010282710047929246, 0.010802962597767403, 0.011135287554559505, 0.011001647592256516, 0.024261033737391666, 0.0079376257438399, 0.017317089149138445, 0.025357582043917963, 0.023377924817809946, 0.00822259810317364, 99999.99999999999]], "binary_threshold": 0.02}, "global_features": {"formation_type": "wolf_pack_to_v_shape", "cluster_centroid": [504.4107526795197, 521.9751783100133], "cluster_radius": 108.11392028579395, "velocity_coherence": 0.36487543684259516, "connectivity_density": 0.5866666666666667}}
{"metadata": {"episode_id": 14, "frame_id": 1, "timestamp": 0.1, "transformation_progress": 0.0125, "start_formation": "wolf_pack", "target_formation": "v_shape", "current_formation": "wolf_pack_to_v_shape"}, "node_features": {"positions": [[499.20438433222057, 501.30835641895254], [477.4479451545856, 408.5416187798222], [454.90862203248037, 591.0293011795408], [498.67879670056453, 633.7507690633242], [407.86625246002126, 439.52558120865683], [663.5677806280895, 555.1093486023581], [375.06021759935595, 476.63852975173825], [548.3694241916359, 459.9081071006631], [472.50548825701173, 579.9558548203504], [544.3476986163789, 358.94153522916884], [566.0625146342875, 584.6749390882038], [547.7984359255516, 621.9549421701804], [464.0428934817206, 565.2843657913195], [563.9324349000129, 396.64580928620796], [467.206772083425, 659.2764132880384]], "velocities": [[-5.3347901848810615, 10.062233735928759], [1.8563415783424269, 23.390362329732163], [2.7849889889560027, -5.733564893732511], [4.359902634768222, -34.2086868241689], [22.865201816834357, 15.228059793145068], [-27.460448488036207, -10.674372727103183], [5.16923409524041, 26.115373614218477], [-22.6796216895708, -18.49119683152711], [4.40305580277867, 25.792529653627533], [-31.067268018928743, -12.776800984590711], [-21.735309044237912, -5.050025528082563], [-27.238608461564954, -5.8762058754028805], [-11.326915976738924, 7.51282284083325], [-20.133902408959152, 2.1755505786844784], [-26.078152598532487, 11.711892401692076]], "speeds": [11.388965452277311, 23.463909605426718, 6.374161125924577, 34.48540278463811, 27.472008648589323, 29.462153082916636, 26.622053266824, 29.262426424415466, 26.165654708713838, 33.59198990175769, 22.31426487883515, 27.86523975157144, 13.591965736487467, 20.25109988454715, 28.587382996370255], "headings": [2.0582950421198483, 1.491598801615756, -1.1186262907056623, -1.4440295982350562, 0.5875359357448535, -2.7708497462174604, 1.3753839014940807, -2.457578543440057, 1.4017157011337444, -2.751415123280706, -2.913301058384443, -2.929118119490386, 2.55594409426746, 3.0339561734191514, 2.7194812274254945]}, "edge_features": {"distance_matrix": [[0.0, 48.21232086284673, 46.70437953374575, 58.845893763282255, 53.44336783158247, 75.32015879175084, 54.67490361865527, 32.45717071785202, 35.698654654605896, 66.65284875468573, 51.357396183684386, 60.35373138445412, 37.426724602676686, 52.18982634062826, 72.26848145480398], [47.4786339841663, 0.0, 81.64040615200993, 98.33162027398278, 36.86596732123496, 102.07176757237904, 57.50975820936892, 41.41775387411364, 71.58774328223033, 38.89878644913312, 87.99508502286761, 97.64141297050624, 69.34676513566548, 39.260332386984814, 109.15282164232767], [49.97794023158504, 77.11068781700561, 0.0, 32.24001710014018, 69.02109836032469, 91.25360821496521, 60.213606066050986, 67.57640248811919, 11.437879211310038, 103.65707378099235, 54.663585118134115, 47.57049686192221, 15.751959439637563, 92.36097778562855, 32.21480408413875], [61.957433218795245, 97.80180592357759, 30.524174520546396, 0.0, 92.81353889881083, 76.3998968622577, 86.55226904269766, 80.59753973887055, 26.60249304773947, 113.82749253667778, 43.08401998774247, 28.344455010057167, 36.05089504535993, 105.93931303009865, 21.7479591777383], [49.10373875842429, 40.15246626736533, 69.7749419884149, 95.74030868561017, 0.0, 119.93977886461549, 28.228538139858657, 60.53318635147525, 72.36478892499845, 68.05455968743954, 92.66642256845168, 99.50020688050066, 59.41299620430962, 72.8747480326673, 100.29079003093979], [72.64198883145755, 102.70691219970195, 90.0711144597241, 82.28757473426201, 120.33387503222481, 0.0, 122.47189357638085, 69.10773642426369, 86.36208119702403, 95.3966371761898, 44.18267042891281, 61.88416287912024, 82.21049455041428, 77.91125696083563, 91.35806271220011], [55.038834805245685, 58.17200534636708, 64.48983500806409, 89.82057177609073, 27.341337002832404, 124.79724617651505, 0.0, 72.66391305353888, 60.45206215712023, 92.60153982614112, 92.81831282232606, 93.747185328848, 55.83914514945966, 90.93012966882087, 85.38621510713054], [32.401307840088634, 41.36267633818682, 70.94137571503721, 75.7906795940589, 59.309621597588034, 68.40994649648988, 75.75178881480912, 0.0, 65.30180433255845, 49.3044003409373, 59.59251356075192, 68.90259932951898, 56.626166118679656, 30.302471939871335, 90.58781921130861], [41.246293596556, 77.91054014924693, 11.652334444787375, 30.994720467749396, 70.29363797545835, 85.22970484660206, 61.70202334484443, 65.29436866975264, 0.0, 99.57331298281014, 43.37463174420643, 40.51813206094145, 13.154154877102599, 90.10054240502014, 39.69459977279835], [67.07151704718197, 40.08423673393807, 105.79801673789002, 120.471313268313, 72.14913222539947, 101.87390298431451, 92.40797867235496, 43.69365140233237, 97.1235567392931, 0.0, 100.84684897231334, 112.20896131184607, 93.67937490077837, 26.84090187260101, 133.41981570548876], [50.56385309688867, 83.7035374275407, 53.259263277780946, 39.92613834754352, 95.26416100151344, 50.31818857642785, 94.9919182992957, 60.15355975823737, 42.50420224663167, 96.77650860861674, 0.0, 22.82405667791553, 51.05987694222203, 77.96217332686305, 57.8497515297726], [55.45038838510946, 95.2896469642283, 49.12936634315341, 26.8097781411351, 96.15856245747293, 61.38603553674364, 93.32819087303827, 67.84442870075563, 39.89063955184403, 111.26645983207811, 22.84451783958959, 0.0, 46.50680654895382, 95.00345436951308, 44.229708393335066], [32.561786032669104, 69.91303961162464, 16.755948093321173, 40.678027260854506, 60.020974119761526, 90.17903831162816, 52.96087696739194, 62.90097481920321, 14.241111474114764, 95.29622505291269, 48.598344077056765, 48.07776352801985, 0.0, 84.52106470963932, 47.31597664131295], [55.4512639530415, 39.01236393859961, 91.69688776226745, 101.58031416994447, 71.67524927693877, 80.3743321175287, 90.06129998307838, 33.53417994195452, 85.79414624194563, 22.783666177617018, 85.00032309097476, 94.55724586048572, 82.97550809844549, 0.0, 119.92053791573011], [69.0414087123391, 104.39846566527993, 31.76877792361916, 26.49629157902619, 99.83091606047327, 95.6030783701471, 84.46733293895697, 95.16889793795659, 40.251342403840304, 130.21385166449562, 53.223367829597336, 41.13491038035855, 42.18036927982021, 122.25501611643229, 0.0]], "adjacency_matrix": [[0, 1, 1, 0, 0, 0, 0, 1, 1, 0, 0, 0, 1, 0, 0], [1, 0, 0, 0, 1, 0, 0, 1, 0, 1, 0, 0, 0, 1, 0], [1, 0, 0, 1, 0, 0, 0, 0, 1, 0, 0, 1, 1, 0, 1], [0, 0, 1, 0, 0, 0, 0, 0, 1, 0, 1, 1, 1, 0, 1], [1, 1, 0, 0, 0, 0, 1, 0, 0, 0, 0, 0, 0, 0, 0], [0, 0, 0, 0, 0, 0, 0, 0, 0, 0, 1, 0, 0, 0, 0], [0, 0, 0, 0, 1, 0, 0, 0, 0, 0, 0, 0, 0, 0, 0], [1, 1, 0, 0, 0, 0, 0, 0, 0, 1, 0, 0, 0, 1, 0], [1, 0, 1, 1, 0, 0, 0, 0, 0, 0, 1, 1, 1, 0, 1], [0, 1, 0, 0, 0, 0, 0, 1, 0, 0, 0, 0, 0, 1, 0], [0, 0, 0, 1, 0, 0, 0, 0, 1, 0, 0, 1, 0, 0, 0], [0, 0, 1, 1, 0, 0, 0, 0, 1, 0, 1, 0, 1, 0, 1], [1, 0, 1, 1, 0, 0, 0, 0, 1, 0, 1, 1, 0, 0, 1], [0, 1, 0, 0, 0, 0, 0, 1, 0, 1, 0, 0, 0, 0, 0], [0, 0, 1, 1, 0, 0, 0, 0, 1, 0, 0, 1, 1, 0, 0]], "physical_distances": [[0.0, 95.283840486713, 100.05979455529383, 132.44345551751726, 110.27132740014153, 172.94471024530276, 126.57161799387606, 64.27427003081732, 83.05576473931644, 149.3527053663312, 106.8643845883055, 130.06529323260568, 73.00178226620892, 123.0608357789783, 161.17615884683136], [95.283840486713, 0.0, 183.87434653703932, 226.20767102108715, 76.16835226018893, 236.9022848813747, 122.9651822177359, 87.56924295217948, 171.48547517950985, 83.28112211948468, 197.16868018761969, 224.70967525283237, 157.31492030656983, 87.29878149227103, 250.9438558780646], [100.05979455529383, 183.87434653703932, 0.0, 61.16332241318926, 158.63909259702615, 211.7283340957809, 139.50274649039554, 161.0207721907441, 20.791125876053933, 248.7249073253724, 111.33537514250307, 97.90256787118174, 27.317331733756394, 222.8702171507448, 69.3463251068533], [132.44345551751726, 226.20767102108715, 61.16332241318926, 0.0, 214.40695368532587, 182.6823747184442, 199.9145038272682, 180.8049489884624, 59.82419972962666, 278.5781104155741, 83.3606773624019, 50.51614088275061, 76.72870498574771, 245.92031076991677, 40.52217721925267], [110.27132740014153, 76.16835226018893, 158.63909259702615, 214.40695368532587, 0.0, 280.6116155692893, 49.53389620089052, 141.97390122266094, 154.5926665501118, 158.49597348625292, 214.6960490059237, 229.91626238754995, 137.73556874021114, 161.84970849993522, 227.62189145325218], [172.94471024530276, 236.9022848813747, 211.7283340957809, 182.6823747184442, 280.6116155692893, 0.0, 298.9887679092067, 149.44543388516183, 192.6710887427897, 229.55443571949857, 101.88916054860212, 133.68199038123842, 199.78416244929653, 187.18412168491855, 222.2800554298755], [126.57161799387606, 122.9651822177359, 139.50274649039554, 199.9145038272682, 49.53389620089052, 298.9887679092067, 0.0, 174.1148705071717, 142.0213027432049, 206.18155530680878, 219.43961177266186, 225.73292136654595, 125.60255114583575, 205.11350466398613, 204.56682039349548], [64.27427003081732, 87.56924295217948, 161.0207721907441, 180.8049489884624, 141.97390122266094, 149.44543388516183, 174.1148705071717, 0.0, 142.00985355975283, 101.04663731210599, 126.01510946556793, 162.0478410335891, 134.96340125089623, 65.14848906209468, 215.2558886749942], [83.05576473931644, 171.48547517950985, 20.791125876053933, 59.82419972962666, 154.5926665501118, 192.6710887427897, 142.0213027432049, 142.00985355975283, 0.0, 232.39757454343732, 93.67596778728988, 86.21456551439634, 16.93718101278246, 204.8449642197522, 79.49734202295154], [149.3527053663312, 83.28112211948468, 248.7249073253724, 278.5781104155741, 158.49597348625292, 229.55443571949857, 206.18155530680878, 101.04663731210599, 232.39757454343732, 0.0, 226.7754458764833, 263.0360428129481, 221.41866554587455, 42.48734137914262, 310.0834750917866], [106.8643845883055, 197.16868018761969, 111.33537514250307, 83.3606773624019, 214.6960490059237, 101.88916054860212, 219.43961177266186, 126.01510946556793, 93.67596778728988, 226.7754458764833, 0.0, 41.51355442347814, 103.8460275258284, 188.0411946722584, 123.84602451460034], [130.06529323260568, 224.70967525283237, 97.90256787118174, 50.51614088275061, 229.91626238754995, 133.68199038123842, 225.73292136654595, 162.0478410335891, 86.21456551439634, 263.0360428129481, 41.51355442347814, 0.0, 101.12638190488518, 225.88605818827213, 88.81389805229502], [73.00178226620892, 157.31492030656983, 27.317331733756394, 76.72870498574771, 137.73556874021114, 199.78416244929653, 125.60255114583575, 134.96340125089623, 16.93718101278246, 221.41866554587455, 103.8460275258284, 101.12638190488518, 0.0, 196.0022531117549, 94.04528228694826], [123.0608357789783, 87.29878149227103, 222.8702171507448, 245.92031076991677, 161.84970849993522, 187.18412168491855, 205.11350466398613, 65.14848906209468, 204.8449642197522, 42.48734137914262, 188.0411946722584, 225.88605818827213, 196.0022531117549, 0.0, 279.8762012134553], [161.17615884683136, 250.9438558780646, 69.3463251068533, 40.52217721925267, 227.62189145325218, 222.2800554298755, 204.56682039349548, 215.2558886749942, 79.49734202295154, 310.0834750917866, 123.84602451460034, 88.81389805229502, 94.04528228694826, 279.8762012134553, 0.0]], "communication_quality": [[99999.99999999999, 0.020741581709558404, 0.021411263694549754, 0.016993536270981095, 0.01871139214200357, 0.01327665638621778, 0.018289923729459655, 0.030809823215790958, 0.028012252269805235, 0.015003107423801223, 0.019471388341214313, 0.016568981094808803, 0.026718868493766004, 0.01916081885126605, 0.013837288974343548], [0.021062101106625767, 99999.99999999999, 0.012248835161962617, 0.010169667656416213, 0.027125281157919977, 0.009797027383900515, 0.0173883503817894, 0.02414422958804413, 0.013968869731915754, 0.025707736261394932, 0.011364269789584592, 0.010241554962815955, 0.01442028123216495, 0.02547099539130636, 0.00916146640406731], [0.020008823798620307, 0.012968369218667153, 99999.99999999999, 0.031017343654641406, 0.014488321381040422, 0.010958469587959901, 0.016607539379516017, 0.014798062862183058, 0.0874287188418627, 0.00964719403174422, 0.018293710793058682, 0.02102142831697363, 0.0634841251966655, 0.010827082126070559, 0.031041619467000396], [0.0161401108252421, 0.010224759024734272, 0.03276090797206659, 99999.99999999999, 0.010774289011297707, 0.013089021192171238, 0.011553710786826116, 0.012407325076753796, 0.03759044771860197, 0.008785223058704793, 0.02321045641005502, 0.035280256644293004, 0.02773855465602822, 0.009439365585863597, 0.045981304821032305], [0.020365043917923657, 0.024905064219233934, 0.01433179058533835, 0.010444920319137192, 99999.99999999999, 0.008337516761254021, 0.03542513044048489, 0.016519861171607024, 0.01381887346963317, 0.014694090412925858, 0.010791394168123511, 0.010050229349761075, 0.016831331452261428, 0.01372217249149196, 0.009971004316363009], [0.01376614102153465, 0.009736442087667796, 0.011102337247351194, 0.01215250153749659, 0.008310211207194091, 99999.99999999999, 0.008165138050429174, 0.014470157858438002, 0.011579154535739858, 0.010482548701665394, 0.022633303147122048, 0.01615922058057272, 0.012163895665994434, 0.012835114085651812, 0.010945940192392634], [0.01816898598686961, 0.01719039634514659, 0.015506317310499902, 0.011133305754942117, 0.03657464278904788, 0.0080129966846834, 99999.99999999999, 0.013761987489489091, 0.0165420301458139, 0.010798955329338377, 0.010773734857439859, 0.010666985785464652, 0.017908580409631728, 0.0109974536896361, 0.011711490919587342], [0.030862942209182204, 0.024176379450402883, 0.014096144160714263, 0.01319423276600439, 0.016860667872377534, 0.014617755239346044, 0.0132010066512705, 99999.99999999999, 0.015313510202141747, 0.020282161232333066, 0.016780628512577497, 0.014513238464128586, 0.01765967735317595, 0.03300059717828664, 0.011039010523890157], [0.024244596795420435, 0.01283523217438949, 0.08581963953591723, 0.03226354883261588, 0.014226036474150983, 0.01173299713368533, 0.016206921324798704, 0.015315254090368517, 99999.99999999999, 0.010042850535104017, 0.023054945465539673, 0.024680302430845586, 0.07602154977855691, 0.011098711087861021, 0.025192337340604696], [0.014909456277870973, 0.024947456456836232, 0.009451972128718962, 0.008300730604351427, 0.013860178640460104, 0.009816055658468421, 0.010821575216247109, 0.022886614852254517, 0.01029616223510696, 99999.99999999999, 0.009916025250469543, 0.008911943388384209, 0.010674707152050175, 0.03725655837426269, 0.0074951379580378286], [0.019776969929766554, 0.011946924959968583, 0.018776072943848945, 0.025046242660207056, 0.01049712593398953, 0.019873525449865006, 0.010527210236739812, 0.01662411730540831, 0.023527079956157684, 0.010333085074533385, 99999.99999999999, 0.04381340162170118, 0.019584845558541335, 0.012826731593796128, 0.017286155959093216], [0.01803413553595925, 0.01049431839570374, 0.02035442080549346, 0.03729980985808942, 0.010399488828125645, 0.016290347280986415, 0.010714874932180242, 0.014739601640905937, 0.02506853137852133, 0.008987433514419814, 0.04377415926570384, 99999.99999999999, 0.02150222428033499, 0.010525931939813589, 0.022609232803767726], [0.030710836681020433, 0.01430348133224226, 0.05968026384588501, 0.024583290329062285, 0.016660839782377982, 0.011089050269685034, 0.01888185899559614, 0.015898002278888122, 0.07021918897452285, 0.010493593996077135, 0.020576828557082736, 0.020799632067345992, 99999.99999999999, 0.011831368725910837, 0.021134505924618532], [0.01803385077945806, 0.025632892824565597, 0.010905494344995083, 0.00984442615409451, 0.013951815592828222, 0.012441781464758163, 0.011103547130148227, 0.029820311799120067, 0.011655805521065198, 0.04389107324929473, 0.011764659779976542, 0.010575603013220346, 0.012051747586722625, 99999.99999999999, 0.00833885449475026], [0.014484059259652491, 0.009578683918778448, 0.03147743635685041, 0.03774111632212002, 0.010016936028363026, 0.010459913137202152, 0.011838894952842094, 0.01050763344528372, 0.024843885739963156, 0.0076796739396037894, 0.018788736092655575, 0.024310245182277986, 0.023707705266614715, 0.008179622807880534, 99999.99999999999]], "binary_threshold": 0.02}, "global_features": {"formation_type": "wolf_pack_to_v_shape", "cluster_centroid": [503.3999773998228, 522.1696981185684], "cluster_radius": 107.17521184000773, "velocity_coherence": 0.4120882891732895, "connectivity_density": 0.5333333333333333}}
