{"metadata": {"episode_id": 9, "frame_id": 0, "timestamp": 0.0, "transformation_progress": 0.0, "start_formation": "v_shape", "target_formation": "line", "current_formation": "v_shape_to_line"}, "node_features": {"positions": [[499.975, 499.35048094716166], [475.86604211121363, 457.802169513118], [475.1831869706599, 543.6646463944165], [450.56085672758684, 413.10032130801903], [451.3331869706599, 585.6668784779619], [426.3199111825231, 371.0730353205265], [425.9581869706599, 629.6176677200222], [400.57375347471947, 326.46141734836465], [400.5831869706599, 673.5684569620823], [375.9508736526651, 283.8032282790773], [376.3331869706599, 715.5706890456277], [351.5272165814091, 241.49373168991127], [351.15818697065987, 759.1750681261741], [325.7781431794384, 196.89051933636608], [325.78318697065987, 803.1258573682344]], "velocities": [[-0.24999999999999867, -6.495190528383288], [8.660421112136307, 11.034397023399325], [1.8318697065988019, 3.6337620519463925], [5.608567275868333, -2.9713831353710147], [13.331869706598804, -9.35661900482068], [13.199111825230682, 9.768458881923173], [9.581869706598804, -2.8614284764369344], [5.737534747194745, -3.3350189474765073], [5.8318697065988, 3.63376205194681], [9.508736526650909, 3.0957922518694336], [13.331869706598804, -9.356619004820677], [15.272165814091075, 13.013528252428674], [11.581869706598805, -6.325530091574689], [7.781431794384362, -0.005893390804231569], [7.831869706598802, 0.1696604368086012]], "speeds": [6.499999999999998, 14.027145522505288, 4.069394705864748, 6.347057950350574, 16.287574069673433, 16.420698581447994, 10.000000000000002, 6.636388803806961, 6.871312169077568, 10.0, 16.287574069673433, 20.064669601811325, 13.196667641493741, 7.7814340261105475, 7.8337071533826235], "headings": [-1.6092673542022247, 0.9053575146237268, 1.1038542947341459, -0.48719744121764114, -0.6119487189301349, 0.6371249672109541, -0.29019893495098964, -0.5265286498736972, 0.5572224737329089, 0.3147504866401753, -0.6119487189301348, 0.7057163511753722, -0.4998886674201379, -0.000757365717921313, 0.02165943910285551]}, "edge_features": {"distance_matrix": [[0.0, 25.343075907850697, 26.53727156599305, 45.16534118748239, 46.7464783995333, 64.35529564590676, 63.96383333137173, 86.49962540483178, 89.04700294776966, 104.4418222687548, 103.48904276223296, 129.1070694103421, 123.93655094167147, 143.9486180541643, 145.47669577540591], [27.032050034872416, 0.0, 41.09976402855111, 25.598805385363836, 61.27778810307125, 47.114707105579036, 79.4205155044149, 66.32024673402522, 93.8736959128289, 89.55665926268678, 118.6101693516178, 108.64045579234217, 132.8284214498873, 129.60964321277459, 153.22608465897622], [24.611099160760276, 39.21192508971256, 0.0, 58.9612082227606, 28.13787141908808, 81.57894774113696, 47.58108825220282, 101.9943449833732, 67.69379610966082, 116.50005313557051, 89.16001450863303, 139.0527308081828, 109.31614100704655, 159.08131158613054, 122.94266447278044], [48.396557308368465, 26.14224705959943, 58.28768169766711, 0.0, 77.04541196080223, 25.664429007749526, 95.90084239445581, 46.5800082976238, 114.12491507456673, 68.72109720033151, 129.81708276695676, 81.71078636655304, 147.96992117187722, 102.94098007879242, 168.8683567188757], [42.71627145488838, 56.805996633251844, 25.219541330809907, 74.39656061713264, 0.0, 91.59429465274133, 24.073223240906326, 110.42304662495665, 43.0823168641183, 128.97686550957565, 68.02421805166026, 148.06282750430864, 87.19494695666546, 172.01355372521553, 103.35045489841474], [63.34561419089355, 45.94811351286079, 81.67701021145464, 27.18581818302802, 95.71253377048538, 0.0, 111.49673414928667, 23.123074625775093, 124.05073011697814, 47.70439002822729, 143.4270078553653, 64.30377640376696, 161.58615729220378, 87.35416610179469, 182.8362190960062], [67.99890553058681, 74.63866481799215, 47.18462842461313, 90.22204527366875, 24.20641618982879, 108.38925767362427, 0.0, 127.24044646085389, 28.929825139704086, 144.2343009541506, 49.93059314236891, 168.23565014869467, 64.80867306114669, 184.58508677229028, 88.330535455242], [89.48356273023632, 63.463859987592734, 96.69690186842189, 43.948454253093445, 110.71529695488294, 30.769751113765604, 129.39107869609862, 0.0, 143.30105316552755, 25.19783898868443, 159.99129782690594, 47.91863392529159, 180.69735386129028, 65.76946731881205, 202.89589224409707], [87.53962026762512, 97.68246659417906, 69.69431152659592, 116.23427653446815, 50.462729389994976, 125.13002886027587, 30.540619765513625, 142.11282411026215, 0.0, 162.15191305562826, 27.236436812587606, 183.69388041404628, 44.59705255659896, 201.62808769271803, 66.68729082046335], [109.51286205715144, 90.71515157301137, 119.95553022321066, 64.17514473478018, 130.98554411236196, 49.91136759557647, 149.60537925006594, 23.935402131675737, 164.4118766116374, 0.0, 182.40130855439554, 21.96340346102517, 194.55990388817435, 48.9466244756637, 218.8381632901619], [105.87577043542048, 115.35970894661996, 86.26155245245039, 132.91012134472874, 70.15962993689094, 148.14564514168515, 43.954489135056285, 159.05893499551115, 24.999163070709262, 181.66613310646486, 0.0, 197.01700783064035, 28.552891035270743, 216.57981422055775, 43.72433535495262], [123.68587847591894, 104.12145416316635, 134.61579745243301, 88.62233070045792, 145.63035123330164, 65.62148488879215, 160.71976028714957, 43.225171530459754, 183.1165932091098, 26.076363605573842, 194.80050133845398, 0.0, 216.94312211397965, 30.193669126391487, 231.35189645002538], [125.93613717956157, 133.3466357693286, 103.92489150208975, 148.4927154839028, 89.64164084424888, 166.12615321048003, 63.56561617884803, 182.53226259392946, 42.09150263126503, 198.7065076181898, 25.527238962423, 214.4958102749964, 0.0, 234.058272939263, 26.22305631268724], [149.37720101781846, 122.92188353636674, 154.7185161624404, 106.96850856596308, 169.8712256013414, 84.74004177881291, 182.82702942153094, 69.54861321408448, 199.90291853911313, 44.400628202672515, 214.07434217703823, 30.33776194086637, 230.30850808143188, 0.0, 249.06930032249306], [143.53115682781666, 157.80729513547072, 123.69249004576365, 172.55271915865475, 106.69118096749425, 186.63089196361972, 89.90382954200115, 201.30633446951134, 68.75562702119522, 212.5811425533073, 43.94289954235885, 227.603397779673, 22.601150788048635, 251.44750825384418, 0.0]], "adjacency_matrix": [[0, 1, 1, 1, 1, 0, 0, 0, 0, 0, 0, 0, 0, 0, 0], [1, 0, 1, 1, 0, 1, 0, 0, 0, 0, 0, 0, 0, 0, 0], [1, 1, 0, 0, 1, 0, 1, 0, 0, 0, 0, 0, 0, 0, 0], [1, 1, 0, 0, 0, 1, 0, 1, 0, 0, 0, 0, 0, 0, 0], [1, 0, 1, 0, 0, 0, 1, 0, 1, 0, 0, 0, 0, 0, 0], [0, 1, 0, 1, 0, 0, 0, 1, 0, 1, 0, 0, 0, 0, 0], [0, 0, 1, 0, 1, 0, 0, 0, 1, 0, 1, 0, 0, 0, 0], [0, 0, 0, 1, 0, 1, 0, 0, 0, 1, 0, 1, 0, 0, 0], [0, 0, 0, 0, 0, 0, 1, 0, 0, 0, 1, 0, 1, 0, 0], [0, 0, 0, 0, 0, 1, 0, 1, 0, 0, 0, 1, 0, 1, 0], [0, 0, 0, 0, 0, 0, 1, 0, 1, 0, 0, 0, 1, 0, 1], [0, 0, 0, 0, 0, 0, 0, 1, 0, 1, 0, 0, 0, 1, 0], [0, 0, 0, 0, 0, 0, 0, 0, 1, 0, 1, 0, 0, 0, 1], [0, 0, 0, 0, 0, 0, 0, 0, 0, 1, 0, 1, 0, 0, 0], [0, 0, 0, 0, 0, 0, 0, 0, 0, 0, 1, 0, 1, 0, 0]], "physical_distances": [[0.0, 48.036486481668916, 50.777743673468166, 99.40245265145204, 99.07848635034962, 147.91948879442748, 149.82666171524886, 199.42727025872986, 200.57576040986305, 248.6817284180297, 249.07524228498954, 297.5346156994332, 299.424881970343, 349.0366360480905, 350.17462364684997], [48.036486481668916, 0.0, 85.86519217549397, 51.367379145245735, 130.19694612398413, 99.88374145875537, 178.9171859515379, 151.39128742211125, 228.5226445620274, 200.64563897246126, 276.3175689571915, 249.49846453965856, 326.15590313865664, 301.0004428629807, 376.5279708082765], [50.777743673468166, 85.86519217549397, 0.0, 132.86572971186152, 48.30124222005067, 179.37526009410672, 99.05060575281716, 229.66020611898972, 149.80040053350993, 278.16363642891184, 198.30030257163003, 326.49358447948816, 248.6502413029193, 377.58993936164364, 299.4002004007346], [99.40245265145204, 51.367379145245735, 132.86572971186152, 0.0, 172.56828546257134, 48.51717436530318, 217.91065292101663, 100.02504771777437, 265.2195640699154, 149.27956270091, 311.4451321129736, 198.1324897157462, 360.0675230287436, 249.63454101758563, 409.4989446250467], [99.07848635034962, 130.19694612398413, 48.30124222005067, 172.56828546257134, 0.0, 216.04671135365925, 50.75000000000003, 264.12873976195004, 101.49999999999996, 311.1336633547821, 150.0, 358.352322017493, 200.34999999999997, 408.54758162154207, 251.1], [147.91948879442748, 99.88374145875537, 179.37526009410672, 48.51717436530318, 216.04671135365925, 0.0, 258.54488543963845, 51.50787410492895, 303.5883052544352, 100.76238962398628, 348.10530880687895, 149.61531704705465, 395.3131324081912, 201.11736868743685, 443.5958452855939], [149.82666171524886, 178.9171859515379, 99.05060575281716, 217.91065292101663, 50.75000000000003, 258.54488543963845, 0.0, 304.2171619144997, 50.74999999999993, 349.41144502024974, 99.24999999999997, 395.19635508515404, 149.59999999999994, 444.1720681473135, 200.34999999999997], [199.42727025872986, 151.39128742211125, 229.66020611898972, 100.02504771777437, 264.12873976195004, 51.50787410492895, 304.2171619144997, 0.0, 347.10703974190704, 49.25451558387716, 389.8636048481727, 98.10744307839542, 435.52612066600227, 149.60949478919875, 482.4962354438158], [200.57576040986305, 228.5226445620274, 149.80040053350993, 265.2195640699154, 101.49999999999996, 303.5883052544352, 50.74999999999993, 347.10703974190704, 0.0, 390.54280732041536, 48.50000000000004, 434.8506139467359, 98.85, 482.511814151439, 149.60000000000002], [248.6817284180297, 200.64563897246126, 278.16363642891184, 149.27956270091, 311.1336633547821, 100.76238962398628, 349.41144502024974, 49.25451558387716, 390.54280732041536, 0.0, 431.7676300283148, 48.85292751067192, 476.01792343621463, 100.35497924318197, 521.7401555095199], [249.07524228498954, 276.3175689571915, 198.30030257163003, 311.4451321129736, 150.0, 348.10530880687895, 99.24999999999997, 389.8636048481727, 48.50000000000004, 431.7676300283148, 0.0, 474.7254971692653, 50.349999999999966, 521.1381111589908, 101.1], [297.5346156994332, 249.49846453965856, 326.49358447948816, 198.1324897157462, 358.352322017493, 149.61531704705465, 395.19635508515404, 98.10744307839542, 434.8506139467359, 48.85292751067192, 474.7254971692653, 0.0, 517.6814679677927, 51.50205173889212, 562.2218420290613], [299.424881970343, 326.15590313865664, 248.6502413029193, 360.0675230287436, 200.34999999999997, 395.3131324081912, 149.59999999999994, 435.52612066600227, 98.85, 476.01792343621463, 50.349999999999966, 517.6814679677927, 0.0, 562.8570515065103, 50.75000000000003], [349.0366360480905, 301.0004428629807, 377.58993936164364, 249.63454101758563, 408.54758162154207, 201.11736868743685, 444.1720681473135, 149.60949478919875, 482.511814151439, 100.35497924318197, 521.1381111589908, 51.50205173889212, 562.8570515065103, 0.0, 606.2353380528501], [350.17462364684997, 376.5279708082765, 299.4002004007346, 409.4989446250467, 251.1, 443.5958452855939, 200.34999999999997, 482.4962354438158, 149.60000000000002, 521.7401555095199, 101.1, 562.2218420290613, 50.75000000000003, 606.2353380528501, 0.0]], "communication_quality": [[99999.99999999999, 0.03945849387229609, 0.03768283490202999, 0.02214086625495233, 0.02139198117841903, 0.015538734374165832, 0.015633832301467407, 0.011560742369835944, 0.011230022960866165, 0.009574707550387964, 0.009662857793253835, 0.007745508647296495, 0.008068644090186044, 0.006946922756524812, 0.006873952738136985], [0.03699311109512042, 99999.99999999999, 0.02433103401749416, 0.03906430766213313, 0.0163191242335106, 0.021224790499306343, 0.012591203516330437, 0.015078349349738809, 0.010652610230692286, 0.011166114240658163, 0.00843097957921063, 0.009204673348063718, 0.0075285086866155905, 0.007715474698156495, 0.006526303513938828], [0.04063205739603117, 0.02550243944125968, 99999.99999999999, 0.016960300857792883, 0.035539278352407284, 0.012258062957523427, 0.0210167490186863, 0.009804464180032483, 0.014772400275145503, 0.008583686335313872, 0.011215788751865739, 0.007191515925453469, 0.00914777908650973, 0.006286093112814476, 0.008133872183018115], [0.020662622487836766, 0.03825224416239914, 0.017156280697937187, 99999.99999999999, 0.012979356521777008, 0.03896442075737733, 0.010427435992819305, 0.021468432957893732, 0.008762327767984267, 0.014551569972306498, 0.007703145854569137, 0.012238284834650484, 0.006758129790831837, 0.009714303303616825, 0.005921772202989054], [0.023410277438500247, 0.01760377219360183, 0.03965177599247503, 0.013441479784683946, 99999.99999999999, 0.010917709390242867, 0.04153991239950082, 0.009056079686296155, 0.02321137396208893, 0.007753327843065611, 0.014700644588580423, 0.006753889205796828, 0.01146855316984656, 0.005813495042736619, 0.009675815207826304], [0.015786410076037392, 0.02176367441251658, 0.012243345771075973, 0.03678387111356406, 0.010447951340609623, 99999.99999999999, 0.008968871760605556, 0.043246825247757345, 0.00806121752322488, 0.020962426933538364, 0.006972187074323892, 0.015551183778214019, 0.006188648550538695, 0.011447649610187955, 0.005469375544137404], [0.014706116887263984, 0.01339787988517373, 0.021193338200475975, 0.011083764351928361, 0.041311344027322235, 0.009226005687307939, 99999.99999999999, 0.007859135591105449, 0.03456639124180742, 0.006933163082935802, 0.020027797323991143, 0.005944043011547923, 0.015430031174318178, 0.005417555466212042, 0.011321112021284985], [0.011175235515178553, 0.015756996858141508, 0.010341591894482909, 0.022753923646595044, 0.009032174750755151, 0.032499439833240225, 0.007728507504475088, 99999.99999999999, 0.0069783152888747, 0.0396859271777154, 0.0062503395564582585, 0.02086870408017113, 0.005534115045350831, 0.015204621364901283, 0.004928635763165559], [0.011423397573679621, 0.01023725068063631, 0.014348371260324153, 0.008603313444036666, 0.019816601557668616, 0.007991686161918574, 0.03274326717156293, 0.007036662144279822, 99999.99999999999, 0.006167056061721435, 0.03671550870350092, 0.005443839192179983, 0.02242300148649659, 0.004959626219972594, 0.014995358751919147], [0.009131346673824155, 0.011023515613706514, 0.00833642196216383, 0.015582354325949805, 0.007634429664985655, 0.02003551190477715, 0.006684251182479104, 0.041779100961316484, 0.006082285293411492, 99999.99999999999, 0.00548241650841894, 0.04553026339801572, 0.00513980490644523, 0.020430413872422643, 0.004569586672038612], [0.009445030732122495, 0.008668537069362372, 0.01159264881796253, 0.007523880910224233, 0.014253208837723606, 0.006750113589518431, 0.022750799569513043, 0.006286977447437623, 0.0400013231306306, 0.00550460302013432, 99999.99999999999, 0.005075703667688339, 0.03502271095902735, 0.004617235255402336, 0.022870553964434156], [0.008084996698671047, 0.009604167671258665, 0.007428548094943112, 0.011283836469406556, 0.006866699989832393, 0.015238909166801004, 0.006222009888474532, 0.023134662819063553, 0.005461001255347944, 0.03834889065196739, 0.005133456750852985, 99999.99999999999, 0.0046095029156056, 0.03311951471081001, 0.004322419535436209], [0.007940531947306484, 0.007499251250232891, 0.00962233291103857, 0.006734336626533291, 0.01115552860285322, 0.006019521432834219, 0.015731772974066256, 0.005478483261010236, 0.023757758690221384, 0.005032547558009536, 0.03917382564302307, 0.004662095507119628, 99999.99999999999, 0.004272440126630747, 0.03813436567927909], [0.006694461579422011, 0.00813524727964061, 0.00646335009002148, 0.009348544912149467, 0.005886811834034269, 0.01180079524390879, 0.0054696504585099864, 0.014378429849312778, 0.005002427964952696, 0.0225221987899221, 0.004671274208378806, 0.03296220968201538, 0.004342001799718161, 99999.99999999999, 0.0040149466777147595], [0.006967127921419488, 0.006336842259244864, 0.008084564542151066, 0.005795329954361622, 0.009372845039331048, 0.005358169464320178, 0.01112299547043062, 0.004967553320960801, 0.01454426201726167, 0.004704085889031192, 0.022756799911850353, 0.004393607326688317, 0.04424551505906698, 0.003976973035742864, 99999.99999999999]], "binary_threshold": 0.02}, "global_features": {"formation_type": "v_shape_to_line", "cluster_centroid": [407.52560704694497, 500.02427785580414], "cluster_radius": 176.60108455802447, "velocity_coherence": 0.7737994799249793, "connectivity_density": 0.3111111111111111}}
{"metadata": {"episode_id": 9, "frame_id": 1, "timestamp": 0.1, "transformation_progress": 0.0125, "start_formation": "v_shape", "target_formation": "line", "current_formation": "v_shape_to_line"}, "node_features": {"positions": [[500.3252322354643, 499.38907178792743], [477.24621000392966, 458.7444365381137], [476.6818561553425, 542.9692927245667], [452.88775755450416, 414.34479079302895], [453.3643921531259, 585.3269920506159], [428.3585861688445, 371.5066297021724], [427.853625110495, 628.9175280250175], [403.02326348398935, 327.6269764105752], [403.04452681142504, 672.4463960167791], [378.7892444516168, 285.58643755808833], [378.4448226801492, 715.283563119933], [354.23213320445865, 242.79158325677858], [353.86624523015547, 757.8289918126635], [328.04489201696686, 197.7565241262921], [328.0628448342183, 802.2963995512274]], "velocities": [[3.5023223546427964, 0.38590840765769574], [13.80167892716008, 9.422670249957072], [14.986691846825769, -6.953536698498588], [23.26900826917306, 12.444694850098928], [20.312051824659846, -3.398864273459043], [20.386749863214547, 4.3359438164589275], [18.95438139835096, -7.00139695004664], [24.495100092699044, 11.655590622105207], [24.61339840765157, -11.220609453032788], [28.383707989516722, 17.832092790110433], [21.116357094892898, -2.8712592569473725], [27.049166230495658, 12.978515668673127], [27.08058259495582, -13.460763135105458], [22.66748837528435, 8.660047899260277], [22.79657863558455, -8.29457817007009]], "speeds": [3.5235191463835642, 16.711464802579115, 16.52127734556504, 26.387822489605373, 20.594458664336475, 20.842744031551288, 20.206140983529618, 27.12678973453091, 27.050350416792636, 33.52041784508755, 21.310670254115415, 30.00165433316937, 30.24152935718758, 24.265437536981143, 24.258689670050053], "headings": [0.10974372722128539, 0.5990336703394707, -0.4344193120319807, 0.4911128430225554, -0.16579634280617916, 0.20956182650673222, -0.35383574546157653, 0.4441282249066183, -0.4277280326003977, 0.5609336945419566, -0.1351444136281342, 0.44736720180856826, -0.46129547212219774, 0.36493457906552, -0.3489613437923733]}, "edge_features": {"distance_matrix": [[0.0, 28.11056332130948, 22.82650763808024, 48.286936579505465, 43.75093648633802, 61.74361827366194, 64.13164343661474, 83.46505096787668, 83.97956330108447, 107.04645556818468, 106.13531388423145, 127.94108198418121, 123.74869104394558, 143.7186882934571, 148.56845737441873], [25.2045858538278, 0.0, 42.29377031389348, 26.433992034084298, 54.80654388059446, 44.97683096194472, 81.29472196612362, 63.377415480119986, 94.16107815190045, 84.32146039561518, 120.00461639247915, 108.37807430255575, 132.4005775679339, 126.02454628879158, 159.48884793145845], [24.585820952592634, 39.109536126878865, 0.0, 62.18313098059065, 22.19811916553355, 76.26968822057697, 48.57223446309626, 93.51610314552052, 64.68750537545225, 112.77372100741675, 83.48530269692812, 132.60748440069054, 105.49613733110705, 157.83886223956355, 128.81022846906683], [42.516006359756304, 25.503341046931016, 60.884077953955305, 0.0, 77.9926183567705, 29.36854992973302, 96.12893904999282, 46.14567662952963, 113.80505344185237, 66.91407636158421, 127.3820821445046, 82.68752205330821, 151.05159297604018, 103.25056456611273, 169.6014019874012], [41.65317491812264, 57.49183008107291, 28.096592677676853, 71.62051671687293, 0.0, 92.83500480128843, 30.035351215246447, 108.82232085182996, 44.17144448897549, 133.47564402259468, 64.64817914831877, 150.63937341486164, 88.7215418803028, 170.12916339784303, 109.21387213613863], [61.11380543339721, 46.87571874132969, 81.69635385119821, 26.067053997768234, 91.83393611837324, 0.0, 107.39752911633859, 30.08021069059803, 124.51078039578242, 47.201858747586506, 146.21912302771602, 67.17199198956165, 167.14847080964162, 89.91113608021516, 185.95540619386497], [64.72737871364068, 73.26690834482702, 42.088807737841485, 95.22741010175798, 29.09094621243827, 106.51913201106663, 0.0, 127.33992324192211, 26.833860171647483, 149.09043381200402, 48.1005807536953, 161.84510926293603, 68.67914325610681, 181.76076547807307, 88.16912314657208], [84.85913729709115, 65.13407807398956, 96.07030682710972, 46.70831995531675, 112.85494367031508, 28.801370470181865, 124.66146055014254, 0.0, 144.79161215719094, 25.24404872817547, 164.3117770163975, 48.887568851748036, 177.26738992241167, 63.5261811616892, 200.96209996313053], [87.59424485484074, 93.47258514382914, 67.65419038212495, 114.62844378011847, 49.10817702138155, 123.18296186712035, 29.109591841352387, 143.48877161645717, 0.0, 161.08832894372182, 26.377451877348097, 178.38619326378148, 47.862755879311415, 198.48084248721216, 65.60904825818562], [102.15186454875099, 84.62938773594412, 113.69620751126921, 67.5240239353846, 131.670065780872, 46.3899306818159, 144.1086730183735, 24.47076865926812, 158.10942659832543, 0.0, 181.16446791800698, 24.275136092827182, 191.9729796364464, 42.99271591339607, 216.97216761536703], [105.41704934735593, 119.05658289722201, 83.33145127995398, 129.53677129733947, 68.45761019257604, 149.1989884735536, 44.33551106326403, 158.00238545735994, 23.239496554233234, 178.70255442979843, 0.0, 191.81572184260705, 22.292587609453342, 213.16936524563948, 46.49266510465698], [128.03912084221432, 106.46594450504635, 132.28567618819991, 87.67211197904861, 145.54494821990258, 66.60892702023514, 164.31865129911714, 45.99448535386069, 179.00809798735858, 29.899619770187925, 195.13738380390632, 0.0, 211.63369437744817, 28.036302445466468, 233.9688127862495], [122.99478084446477, 137.34739271472077, 102.97402698081697, 145.63802724169557, 81.88640376206106, 167.04838720373067, 66.29997290795919, 177.51310614140962, 46.533875878771646, 194.16812219340605, 27.948923132184124, 209.32036824783572, 0.0, 228.3743752218456, 26.214343445675297], [144.6835317381738, 128.10406576145488, 156.25864024863424, 106.14307907323685, 169.8113581274826, 88.3678540687538, 187.3498891398954, 62.69519825376033, 196.25579566840338, 50.60098941049768, 216.23757736131842, 26.251966703302767, 227.06483729054952, 0.0, 251.89172362688933], [145.66107696174066, 158.3412391058682, 124.27475594688539, 168.5903019837681, 109.9201329567457, 185.68503592096638, 84.74778507471129, 198.33905078856404, 66.15596210823199, 217.4932296536934, 50.1806002433158, 227.31129350288884, 28.841371259790034, 251.4063196897535, 0.0]], "adjacency_matrix": [[0, 1, 1, 1, 1, 0, 0, 0, 0, 0, 0, 0, 0, 0, 0], [1, 0, 1, 1, 0, 1, 0, 0, 0, 0, 0, 0, 0, 0, 0], [1, 1, 0, 0, 1, 0, 1, 0, 0, 0, 0, 0, 0, 0, 0], [1, 1, 0, 0, 0, 1, 0, 1, 0, 0, 0, 0, 0, 0, 0], [1, 0, 1, 0, 0, 0, 1, 0, 1, 0, 0, 0, 0, 0, 0], [0, 1, 0, 1, 0, 0, 0, 1, 0, 1, 0, 0, 0, 0, 0], [0, 0, 1, 0, 1, 0, 0, 0, 1, 0, 1, 0, 0, 0, 0], [0, 0, 0, 1, 0, 1, 0, 0, 0, 1, 0, 1, 0, 0, 0], [0, 0, 0, 0, 1, 0, 1, 0, 0, 0, 1, 0, 1, 0, 0], [0, 0, 0, 0, 0, 1, 0, 1, 0, 0, 0, 1, 0, 1, 0], [0, 0, 0, 0, 0, 0, 1, 0, 1, 0, 0, 0, 1, 0, 1], [0, 0, 0, 0, 0, 0, 0, 1, 0, 1, 0, 0, 0, 1, 0], [0, 0, 0, 0, 0, 0, 0, 0, 1, 0, 1, 0, 0, 0, 1], [0, 0, 0, 0, 0, 0, 0, 0, 0, 0, 0, 1, 0, 0, 0], [0, 0, 0, 0, 0, 0, 0, 0, 0, 0, 0, 0, 1, 0, 0]], "physical_distances": [[0.0, 46.74000044666315, 49.58069069055378, 97.3798938900941, 97.93184691567478, 146.74166804249776, 148.42423930894734, 197.40792925141494, 198.52549739781182, 245.93202867909233, 247.92189419427393, 295.27184881897614, 297.0545861235157, 347.36538318411914, 348.464028740242], [46.74000044666315, 0.0, 84.22674690913276, 50.642499425087074, 128.81570006771176, 100.00217350530832, 177.19624293044504, 150.66795989990229, 226.21763254357953, 199.19203467140895, 274.9073254834552, 248.53188513986692, 323.5339038050773, 300.6255539938803, 374.54456041107215], [49.58069069055378, 84.22674690913276, 0.0, 130.80681031721005, 48.351616515796614, 178.14203106768238, 98.84986240875944, 227.5915232819524, 148.9522626543377, 275.370473289757, 198.35000007031425, 324.19221445320983, 247.48406934417906, 375.85210217791604, 298.8948960105454], [97.3798938900941, 50.642499425087074, 130.80681031721005, 0.0, 170.9828655960315, 49.363835897479035, 216.02816332703523, 100.03223030692712, 262.8702841136373, 148.5574069908078, 310.00950830955435, 197.89753720517362, 357.47259510778986, 249.9924365522388, 407.53859887586265], [97.93184691567478, 128.81570006771176, 48.351616515796614, 170.9828655960315, 0.0, 215.27758287323647, 50.506772433397344, 262.5709947739083, 100.60755138371293, 308.87837843104165, 150.00550741259684, 356.59179889872235, 199.14020478800978, 407.3276871530538, 250.55179414979023], [146.74166804249776, 100.00217350530832, 178.14203106768238, 49.363835897479035, 215.27758287323647, 0.0, 257.4113936115582, 50.668555816566496, 302.00255719222156, 99.1937450465281, 347.38158232083174, 148.53381504062028, 393.4387834532271, 200.62885241666015, 442.31104613887277], [148.42423930894734, 177.19624293044504, 98.84986240875944, 216.02816332703523, 50.506772433397344, 257.4113936115582, 0.0, 302.31199670313777, 50.10243214712355, 346.81919083385515, 99.50036068083931, 393.08188624462923, 148.63478017419484, 442.56253172257124, 200.04607699190234], [197.40792925141494, 150.66795989990229, 227.5915232819524, 100.03223030692712, 262.5709947739083, 50.668555816566496, 302.31199670313777, 0.0, 344.8194202618066, 48.525195367652586, 388.4349739293537, 97.86530705777906, 433.0013700897797, 149.96029662671071, 480.55189691523276], [198.52549739781182, 226.21763254357953, 148.9522626543377, 262.8702841136373, 100.60755138371293, 302.00255719222156, 50.10243214712355, 344.8194202618066, 0.0, 387.61958952175513, 49.3980599696976, 432.4186720037335, 98.53269023085697, 480.5782139201787, 149.9442431373316], [245.93202867909233, 199.19203467140895, 275.370473289757, 148.5574069908078, 308.87837843104165, 99.1937450465281, 346.81919083385515, 48.525195367652586, 387.61958952175513, 0.0, 429.6972635966726, 49.34015877027183, 472.8997630989873, 101.43511718063318, 519.1939449195216], [247.92189419427393, 274.9073254834552, 198.35000007031425, 310.00950830955435, 150.00550741259684, 347.38158232083174, 99.50036068083931, 388.4349739293537, 49.3980599696976, 429.6972635966726, 0.0, 473.1119585961125, 49.13471249649841, 519.9753735518433, 100.54639424408549], [295.27184881897614, 248.53188513986692, 324.19221445320983, 197.89753720517362, 356.59179889872235, 148.53381504062028, 393.08188624462923, 97.86530705777906, 432.4186720037335, 49.34015877027183, 473.1119585961125, 0.0, 515.0375385211948, 52.09537553275031, 560.1164799490278], [297.0545861235157, 323.5339038050773, 247.48406934417906, 357.47259510778986, 199.14020478800978, 393.4387834532271, 148.63478017419484, 433.0013700897797, 98.53269023085697, 472.8997630989873, 49.13471249649841, 515.0375385211948, 0.0, 560.6673803085586, 51.41172845743219], [347.36538318411914, 300.6255539938803, 375.85210217791604, 249.9924365522388, 407.3276871530538, 200.62885241666015, 442.56253172257124, 149.96029662671071, 480.5782139201787, 101.43511718063318, 519.9753735518433, 52.09537553275031, 560.6673803085586, 0.0, 604.5398756915047], [348.464028740242, 374.54456041107215, 298.8948960105454, 407.53859887586265, 250.55179414979023, 442.31104613887277, 200.04607699190234, 480.55189691523276, 149.9442431373316, 519.1939449195216, 100.54639424408549, 560.1164799490278, 51.41172845743219, 604.5398756915047, 0.0]], "communication_quality": [[99999.99999999999, 0.035573803087180035, 0.043808697229040065, 0.020709530646206405, 0.02285664837701893, 0.016196003182187, 0.0155929240306951, 0.011981061157852283, 0.011907657549232707, 0.009341737671507113, 0.009421933842598564, 0.00781609711541028, 0.008080892902826353, 0.006958036858628616, 0.0067309033853046605], [0.03967530389296565, 99999.99999999999, 0.02364413851347075, 0.03783006442651358, 0.018245993028108875, 0.02223366467302824, 0.01230092006966344, 0.01577848882980702, 0.010620098170348268, 0.011859375735601514, 0.008333012068463649, 0.00922695770492059, 0.00755283657247296, 0.007934961482494332, 0.006270030477174509], [0.04067383371862596, 0.025569204939270024, 99999.99999999999, 0.016081529241376406, 0.04504884139302485, 0.01311136694297563, 0.020587889463493294, 0.010693344348517767, 0.01545893352366231, 0.008867313256969687, 0.011978154811855851, 0.0075410519180640866, 0.009479019142390384, 0.006335574917706122, 0.007763358036482056], [0.023520547916303695, 0.03921053347694622, 0.016424652706570363, 99999.99999999999, 0.012821724579220317, 0.03405001819607743, 0.010402693568198066, 0.021670497787329015, 0.0087869552527506, 0.014944536410409784, 0.007850397046906574, 0.01209372169138275, 0.006620254140292838, 0.009685176128096861, 0.005896177327074876], [0.024007768000590894, 0.017393772726526688, 0.035591491664382406, 0.013962477600215862, 99999.99999999999, 0.010771797711676794, 0.03329408935133377, 0.009189290398140594, 0.02263905528059042, 0.007492002997271102, 0.015468337368363947, 0.006638370241107499, 0.011271218534918475, 0.005877886667100437, 0.00915634514990931], [0.016362912263100566, 0.021333001680213102, 0.012240446855399836, 0.038362586599151184, 0.010889219534473752, 99999.99999999999, 0.009311200314531863, 0.03324443694366123, 0.008031432431047142, 0.02118560189528791, 0.0068390502617085595, 0.014887154921412009, 0.005982704689603838, 0.011122091571470346, 0.00537763309328654], [0.015449410518074238, 0.013648724725851727, 0.023759279869268304, 0.01050117706571722, 0.034374944319377, 0.009387983991610697, 99999.99999999999, 0.00785299610688649, 0.03726633518025269, 0.006707338005251045, 0.020789765454661813, 0.006178746721273595, 0.014560459070760048, 0.005501737090248255, 0.01134183771930255], [0.011784233425054443, 0.015352943897272998, 0.010409042387146721, 0.021409457391361325, 0.008860931376759194, 0.03472055796198041, 0.008021724720452181, 99999.99999999999, 0.006906476943219576, 0.039613281317709706, 0.006085990653246349, 0.020455093573615246, 0.005641195168641786, 0.015741538752965106, 0.0049760624039201454], [0.011416273837333029, 0.010698322844907317, 0.014781048247585407, 0.008723837468122973, 0.020363203381232604, 0.008118005149922163, 0.03435292607058007, 0.00696918594425717, 99999.99999999999, 0.006207773986355165, 0.03791115326599182, 0.005605814697010452, 0.02089306753649705, 0.0050382693719255795, 0.015241797802748317], [0.009789345564312279, 0.011816224937818223, 0.00879536735600622, 0.014809541754524386, 0.007594740065800677, 0.021556397471143646, 0.006939207125170261, 0.04086506661369591, 0.006324733181742242, 99999.99999999999, 0.005519845896349442, 0.041194396778336174, 0.005209066139428128, 0.023259748684332917, 0.00460888585343292], [0.009486130671743899, 0.008399366852898856, 0.012000269581742683, 0.007719815097957346, 0.014607577610599528, 0.0067024578598445204, 0.022555277935564628, 0.0063290179690337015, 0.04303017353945681, 0.005595890597265829, 99999.99999999999, 0.005213336728921393, 0.044857939730448576, 0.004691105365616798, 0.021508764504278525], [0.007810112372852045, 0.009392673974031776, 0.0075593968539976585, 0.011406134326701643, 0.006870729238790319, 0.015013000428098857, 0.0060857360454005405, 0.02174173218569865, 0.005586339139848454, 0.03344523018131387, 0.0051245944229679555, 99999.99999999999, 0.004725145283175229, 0.035668028808892166, 0.004274073733805061], [0.00813042563131448, 0.0072808075015227125, 0.009711185744677466, 0.006866338073071093, 0.012212038042180224, 0.005986289103872151, 0.015082960147791409, 0.0056333865448195105, 0.021489716173825734, 0.005150175719895811, 0.035779541039026884, 0.004777365722204066, 99999.99999999999, 0.0043787747869735395, 0.038147040401828966], [0.006911636168055987, 0.007806152880429188, 0.006399645705430253, 0.009421244555168521, 0.005888887246048623, 0.011316331004922324, 0.005337606289573145, 0.015950182284305947, 0.005095390664211046, 0.019762455517677777, 0.0046245429030294695, 0.03809236962617713, 0.004404028240973874, 99999.99999999999, 0.003969959575891579], [0.006865251529138046, 0.006315473735661843, 0.008046685844714418, 0.0059315389373992035, 0.009097513641275982, 0.005385463299105048, 0.01179971702058358, 0.005041871207941399, 0.01511579330077695, 0.004597844059853372, 0.019928015923903652, 0.004399253290927044, 0.034672403204009376, 0.003977624593756427, 99999.99999999999]], "binary_threshold": 0.02}, "global_features": {"formation_type": "v_shape_to_line", "cluster_centroid": [409.6150421396457, 500.1877075649187], "cluster_radius": 175.58406027400972, "velocity_coherence": 0.9237152779485658, "connectivity_density": 0.3111111111111111}}
