{"metadata": {"episode_id": 0, "frame_id": 0, "timestamp": 0.0, "transformation_progress": 0.0, "start_formation": "circle", "target_formation": "line", "current_formation": "circle_to_line"}, "node_features": {"positions": [[620.35, 500.0], [610.76690926609, 548.3808541041129], [581.4029729117939, 588.9499465237932], [538.1075016630894, 614.0614696336271], [488.37232802149725, 619.3856358808788], [440.80235555485046, 604.0145536606996], [403.62741783452793, 570.6186323261155], [383.2792168167907, 524.9842463758166], [383.2793320237519, 475.01258561037025], [403.63049283426045, 429.35280906616595], [440.81624070716185, 395.90591029049165], [488.40885123795545, 380.45819299188565], [538.180243919084, 385.6810738068205], [581.5240026304529, 410.6706742252254], [610.9435527152616, 451.1065470497169]], "velocities": [[3.5, 0.0], [11.414543489778142, -4.275430649830461], [11.07300148730967, -2.27432533494124], [10.25462338095594, -0.6531232179137603], [9.15743613615613, 0.4300843668598766], [8.023555548504438, 0.9150520656697512], [7.094571595216229, 0.8440205101876272], [6.5692890484742605, 0.3484347768551035], [6.570441118085956, -0.38011491498673583], [7.125321592541854, -1.1296065873727947], [8.162407071619304, -1.710412553757098], [9.522668300739468, -1.9917956392158478], [10.982045940904182, -1.9214423776107792], [12.283298673897567, -1.5194671748728854], [13.18097798149395, -0.8505578118713882]], "speeds": [3.5, 12.188974949582358, 11.304154885134833, 10.275401239028394, 9.167530155412383, 8.075565857747854, 7.144600530559167, 6.578523040631987, 6.5814271882951045, 7.214306539049973, 8.339688261971828, 9.728744083092513, 11.14886872550792, 12.376922347970432, 13.20839237530305], "headings": [0.0, -0.3583848026879246, -0.2025764407029552, -0.06360469876153191, 0.04693110128613649, 0.11355508788028737, 0.1184105509029517, 0.05299029796939863, -0.057787854843890485, -0.15722564591537344, -0.2065588326705197, -0.20619099253056988, -0.17320894166970277, -0.12307664499083903, -0.06443984468106195]}, "edge_features": {"distance_matrix": [[0.0, 29.719749007471435, 42.261894878170736, 65.45290336102448, 73.94149272812483, 86.91146437344311, 95.86579031454377, 100.01351973779674, 99.87628748884633, 99.62679556997213, 89.87785543073973, 74.72608331026012, 66.54805101601599, 42.092492963625304, 23.17004604522944], [29.13534105257093, 0.0, 24.844430029593997, 43.226473594222504, 66.65872753614538, 81.06144608135274, 85.87128187911782, 96.0919188498539, 100.14560144979022, 104.0638342062451, 99.74685291573408, 91.95597212643062, 79.59757018738988, 59.70415270616825, 43.70400083087488], [43.818543231025835, 29.42437547114299, 0.0, 28.094964165104074, 47.61413821214059, 62.10463269519384, 74.03830417227582, 89.8365143134947, 97.08537230694867, 98.3456759876829, 105.36479903617621, 100.75088758779462, 92.52952877907329, 80.73703757723526, 60.4184069119052], [65.29021145754871, 44.700243101869674, 25.212804722597753, 0.0, 26.52087917737368, 49.44243755830443, 62.68312920935194, 74.05430346630264, 85.85385032523433, 95.51790952274146, 105.61871647050637, 103.83523326029687, 96.67452321750551, 89.63199942731309, 76.17760420247191], [78.22460557848727, 62.81552888918835, 42.9473051742962, 29.639943060822187, 0.0, 23.411208392071188, 43.58788668549025, 63.29174731262773, 74.64714824382717, 90.57035109653445, 99.68856960246437, 104.21654301397685, 99.32792526440963, 93.6535141476237, 85.49791975528338], [90.90118117459575, 79.38254857360906, 64.869027220818, 46.75548697844509, 25.080870268300067, 0.0, 29.98282672029662, 46.640770073030644, 63.398495657152175, 79.3702862868193, 90.51069959343059, 101.63911884802947, 98.26289337540028, 105.93503902016924, 96.14577719043024], [95.92164159456237, 93.21128770250843, 74.61490621594845, 60.01199062564157, 47.470087305692694, 25.098473444474532, 0.0, 28.995187692959743, 45.53397259701314, 64.13197362381631, 80.83318315668848, 86.34004966839943, 97.45255114489213, 102.51054182388415, 104.46951271612178], [101.90650284788738, 98.55763202320507, 89.77490670158143, 79.84510482758563, 61.53208438267167, 44.71561606825712, 30.090304084677985, 0.0, 25.451622208714788, 43.3753159307485, 64.04036179208187, 79.76382048387416, 88.89224394797415, 99.69621536141604, 98.18132239516885], [103.30746454221796, 101.76660974503199, 97.09295807571225, 90.46200855938291, 78.7083040249689, 63.97762544446493, 46.30100906918561, 29.843860969577538, 0.0, 27.397369265067574, 48.905965604455034, 66.0359021322738, 74.39187196353492, 90.91308716767905, 100.41977903917315], [95.62205036391434, 103.11155659437351, 104.2225170534811, 99.79957827391847, 88.83131919098038, 76.72548800061824, 62.39984911785885, 42.47988445231059, 28.82422547921896, 0.0, 25.287755740181574, 42.14770053482592, 66.57050787166733, 77.3601204180231, 91.15195907428884], [91.5064207184252, 94.09916296607207, 104.84561384991804, 99.0594940719412, 94.35503743046881, 86.30902030178436, 74.26621098492195, 61.82351923847634, 49.32414587589889, 25.186628445215607, 0.0, 26.775347896228933, 42.38881776377147, 62.405222582371884, 74.79118396382333], [78.47370219821035, 87.86560592148663, 101.10068105382716, 98.44467180994347, 105.6520086847688, 101.48719495003826, 91.13339817529557, 78.68917008587859, 61.29369226689076, 45.188314083828, 23.7624396888529, 0.0, 26.802406683083092, 49.49514057846055, 61.50932532840593], [60.15773426344447, 81.30368757655765, 89.02052312012414, 93.88269363741088, 104.62716340364365, 102.57156669148021, 100.74999305687666, 88.8438445005754, 80.83548797881696, 66.93718772233362, 49.228722465135974, 25.739482795689973, 0.0, 27.10695165698216, 46.33900979884649], [46.57902420988836, 62.98661434866741, 78.29922782829657, 86.36860682822157, 98.80726957340963, 98.82189646378406, 102.63442052166387, 100.98809585272113, 91.88598283486876, 81.01103765622682, 66.24245474350897, 45.37036367889842, 24.991636560210054, 0.0, 22.725404526038716], [23.235889681529386, 42.609177800984284, 62.601981258117455, 75.01538723912456, 87.62562757631466, 94.68380815724836, 100.88333677376701, 98.5228371956741, 94.72850172443934, 86.12630422349098, 79.73947948861635, 61.78328808614649, 44.379727645796784, 22.520751067678702, 0.0]], "adjacency_matrix": [[0, 1, 1, 0, 0, 0, 0, 0, 0, 0, 0, 0, 0, 1, 1], [1, 0, 1, 1, 0, 0, 0, 0, 0, 0, 0, 0, 0, 0, 1], [1, 1, 0, 1, 1, 0, 0, 0, 0, 0, 0, 0, 0, 0, 0], [0, 1, 1, 0, 1, 1, 0, 0, 0, 0, 0, 0, 0, 0, 0], [0, 0, 1, 1, 0, 1, 1, 0, 0, 0, 0, 0, 0, 0, 0], [0, 0, 0, 1, 1, 0, 1, 1, 0, 0, 0, 0, 0, 0, 0], [0, 0, 0, 0, 1, 1, 0, 1, 1, 0, 0, 0, 0, 0, 0], [0, 0, 0, 0, 0, 1, 1, 0, 1, 1, 0, 0, 0, 0, 0], [0, 0, 0, 0, 0, 0, 1, 1, 0, 1, 1, 0, 0, 0, 0], [0, 0, 0, 0, 0, 0, 0, 1, 1, 0, 1, 1, 0, 0, 0], [0, 0, 0, 0, 0, 0, 0, 0, 1, 1, 0, 1, 1, 0, 0], [0, 0, 0, 0, 0, 0, 0, 0, 0, 1, 1, 0, 1, 1, 0], [0, 0, 0, 0, 0, 0, 0, 0, 0, 0, 1, 1, 0, 1, 1], [1, 0, 0, 0, 0, 0, 0, 0, 0, 0, 0, 1, 1, 0, 1], [1, 1, 0, 0, 0, 0, 0, 0, 0, 0, 0, 0, 1, 1, 0]], "physical_distances": [[0.0, 49.320813779354985, 97.10285220113326, 140.6195128269174, 177.96358041899205, 207.50032288899308, 227.93786182220998, 238.3836588486462, 238.3838763267842, 227.9437877482136, 207.52819143015228, 178.04131643922776, 140.785957042451, 97.4021894780394, 49.79006920985461], [49.320813779354985, 0.0, 50.08085480476259, 97.94556023401391, 141.49951432144692, 178.83807772567167, 208.32975709383706, 228.68767231553772, 239.0261504968832, 238.89991736661577, 228.32397647770946, 207.77274720094613, 178.15735318808896, 140.78082692886892, 97.27446744043917], [97.10285220113326, 50.08085480476259, 0.0, 50.05083839001224, 97.88274656621303, 141.40536053963072, 178.7181721684843, 208.19374035886176, 228.54911789514614, 238.90228328248725, 238.81086490614524, 228.29086262200323, 207.81347145266133, 178.27931338071636, 140.97321956206727], [140.6195128269174, 97.94556023401391, 50.05083839001224, 0.0, 50.019338694026054, 97.82245130701226, 141.3229389018776, 178.62404511086518, 208.10178822388957, 228.47615891417317, 238.86698710937574, 238.83141902153002, 228.38040741150425, 207.97309492602975, 178.49200858078441], [177.96358041899205, 141.49951432144692, 97.88274656621303, 50.019338694026054, 0.0, 49.991723806016566, 97.7748456317257, 141.26635963020806, 178.57243754900392, 208.0712711983359, 228.48363002763114, 238.92744568052123, 238.95323981961081, 228.55889766397982, 208.18635128359244], [207.50032288899308, 178.83807772567167, 141.40536053963072, 97.82245130701226, 49.991723806016566, 0.0, 49.97262807073073, 97.74815067212829, 141.24590612480597, 178.57343700260822, 208.10864383342138, 228.5690810820884, 239.06476437857032, 239.13267796524497, 228.75507744511862], [227.93786182220998, 208.32975709383706, 178.7181721684843, 141.3229389018776, 97.7748456317257, 49.97262807073073, 0.0, 49.965452722046656, 97.74743354572523, 141.26582329341707, 178.62682829784924, 208.20394842011794, 228.70584504646672, 239.22906216155639, 239.2971339339436], [238.3836588486462, 228.68767231553772, 208.19374035886176, 178.62404511086518, 141.26635963020806, 97.74815067212829, 49.965452722046656, 0.0, 49.97166076557916, 97.77293202849592, 141.32135707216105, 178.71771076270701, 208.32595154020754, 228.84184031800916, 239.35113180808102], [238.3838763267842, 239.0261504968832, 228.54911789514614, 208.10178822388957, 178.57243754900392, 141.24590612480597, 97.74743354572523, 49.97166076557916, 0.0, 49.98984837346327, 97.8180041761625, 141.39571766379675, 178.8139018843702, 208.42464102080922, 228.9159148306117], [227.9437877482136, 238.89991736661577, 238.90228328248725, 228.47615891417317, 208.0712711983359, 178.57343700260822, 141.26582329341707, 97.77293202849592, 49.98984837346327, 0.0, 50.01474665113474, 97.86753054346794, 141.45973270705105, 178.8718060227019, 208.45126508006746], [207.52819143015228, 228.32397647770946, 238.81086490614524, 238.86698710937574, 228.48363002763114, 208.10864383342138, 178.62682829784924, 141.32135707216105, 97.8180041761625, 50.01474665113474, 0.0, 50.03687187338409, 97.89941982754031, 141.4802902156691, 178.85863856611803], [178.04131643922776, 207.77274720094613, 228.29086262200323, 238.83141902153002, 238.92744568052123, 228.5690810820884, 208.20394842011794, 178.71771076270701, 141.39571766379675, 97.86753054346794, 50.03687187338409, 0.0, 50.04468017108421, 97.89394997201114, 141.44236634478798], [140.785957042451, 178.15735318808896, 207.81347145266133, 228.38040741150425, 238.95323981961081, 239.06476437857032, 228.70584504646672, 208.32595154020754, 178.8139018843702, 141.45973270705105, 97.89941982754031, 50.04468017108421, 0.0, 50.03160549393661, 97.85188631817401], [97.4021894780394, 140.78082692886892, 178.27931338071636, 207.97309492602975, 228.55889766397982, 239.13267796524497, 239.22906216155639, 228.84184031800916, 208.42464102080922, 178.8718060227019, 141.4802902156691, 97.89394997201114, 50.03160549393661, 0.0, 50.005697058145465], [49.79006920985461, 97.27446744043917, 140.97321956206727, 178.49200858078441, 208.18635128359244, 228.75507744511862, 239.2971339339436, 239.35113180808102, 228.9159148306117, 208.45126508006746, 178.85863856611803, 141.44236634478798, 97.85188631817401, 50.005697058145465, 0.0]], "communication_quality": [[99999.99999999999, 0.033647648345620965, 0.023661971765889883, 0.015278158735031558, 0.013524204446816497, 0.01150596060197044, 0.010431248648829047, 0.009998647209249367, 0.01001238557237942, 0.010037459238795503, 0.011126209942876362, 0.013382206344550021, 0.01502673383315153, 0.02375719972899119, 0.04315915326436568], [0.03432256567616539, 99999.99999999999, 0.04025045437968528, 0.023133965959092177, 0.01500178426658253, 0.012336319236560549, 0.011645335456321229, 0.010406701290828761, 0.009985460026886626, 0.00960948548102923, 0.01002537794942782, 0.010874768306265234, 0.012563195987186849, 0.016749250884255117, 0.022881195134922164], [0.02282138332426611, 0.033985416653160606, 99999.99999999999, 0.035593554709228745, 0.021002160860771658, 0.016101855780862387, 0.013506520389877505, 0.011131330020186299, 0.010300211795410803, 0.010168214192183712, 0.009490834835155042, 0.009925469886048381, 0.01080735960856386, 0.012385887644001012, 0.016551244655385104], [0.015316229255711649, 0.022371237982054582, 0.03966237054459927, 99999.99999999999, 0.037706126416498544, 0.020225535938947232, 0.015953253340745356, 0.013503602331753918, 0.011647699896216291, 0.010469239750996819, 0.00946801796818906, 0.00963064147202096, 0.010343985812169644, 0.011156728565936571, 0.013127216052502083], [0.012783699767711128, 0.01591962781317661, 0.023284342593748352, 0.0337382450622633, 99999.99999999999, 0.042714564584074605, 0.022942148533009733, 0.015799845705982377, 0.013396357256274968, 0.011041139594598166, 0.010031239325384864, 0.009595404674974104, 0.010067661200628136, 0.010677654782362756, 0.011696189637132174], [0.01100095595094326, 0.012597225611879592, 0.01541567507154363, 0.02138785949513088, 0.03987100888416219, 99999.99999999999, 0.03335241456066292, 0.021440464727094807, 0.01577324243899094, 0.012599171815943768, 0.011048416308876022, 0.00983873052960929, 0.010176780510745075, 0.009439746422448037, 0.01040087173054561], [0.010425174956606859, 0.010728313247945358, 0.013402145987885684, 0.01666333382614686, 0.02106589319925574, 0.039843044788435276, 99999.99999999999, 0.034488469800735576, 0.021961619497469484, 0.015592843749630035, 0.012371155473984338, 0.011582109206788066, 0.01026140296624122, 0.009755093326568239, 0.009572169700797144], [0.009812915505142131, 0.010146346640116991, 0.01113896884275677, 0.012524247753408086, 0.016251681501054424, 0.022363546883443577, 0.03323328554118353, 99999.99999999999, 0.03929021100884816, 0.023054581805254083, 0.015615149819034042, 0.012537010747022358, 0.011249574125831803, 0.010030470024063872, 0.010185235579968626], [0.009679841700044045, 0.0098264047927053, 0.010299407050984461, 0.011054363100946723, 0.01270513810882503, 0.015630462005243047, 0.021597796767836647, 0.03350771758192452, 99999.99999999999, 0.03649984147480223, 0.020447399068119317, 0.015143275343830207, 0.01344232695296209, 0.010999515264072586, 0.009958196582248405], [0.010457837827319792, 0.009698233021071827, 0.009594854665986524, 0.010020081418124839, 0.011257289619634965, 0.013033476823988059, 0.016025677207239075, 0.023540548132073038, 0.03469302770305763, 99999.99999999999, 0.039544814289821865, 0.02372608113965567, 0.015021664724432072, 0.012926555250054534, 0.010970690048231433], [0.010928193703425106, 0.010627085961324601, 0.009537832512985536, 0.010094942523372192, 0.010598267154037626, 0.01158627314550336, 0.013465071828591184, 0.016175071405946886, 0.0202740418410004, 0.03970359133773001, 99999.99999999999, 0.03734777342195082, 0.023591121829857998, 0.016024297300391413, 0.013370558043019105], [0.012743120874340461, 0.011381016220196554, 0.00989112922549252, 0.010157989051461327, 0.009465034482527723, 0.009853458871907014, 0.010972924419511393, 0.012708227470519268, 0.01631488983396217, 0.022129610253854935, 0.042083203251098544, 99999.99999999999, 0.03731006841003151, 0.020203999549709077, 0.01625769478179006], [0.01662296371387817, 0.012299563609125824, 0.011233363415725693, 0.01065158928381686, 0.009557746496142798, 0.009749289542539145, 0.00992555801150167, 0.011255702553894973, 0.012370802741415055, 0.014939376520483612, 0.020313340399495453, 0.03885080440153226, 99999.99999999999, 0.036890892186820276, 0.021580085300485635], [0.021468886527228764, 0.015876386619235558, 0.012771516399596547, 0.011578279665968238, 0.010120711796918185, 0.010119213803737705, 0.009743319029659563, 0.009902156214895033, 0.010883051585426429, 0.012343995404719792, 0.01509605664390664, 0.022040814719255793, 0.040013369971073846, 99999.99999999999, 0.044003597771745936], [0.04303685304662066, 0.02346911667668304, 0.015973932775985498, 0.013330596608218002, 0.011412185151053343, 0.010561466779246551, 0.009912438791731608, 0.010149929975266769, 0.010556483806152804, 0.01161085330326663, 0.012540837750695161, 0.016185604054443112, 0.022532805578554613, 0.0444034727332185, 99999.99999999999]], "binary_threshold": 0.02}, "global_features": {"formation_type": "circle_to_line", "cluster_centroid": [500.89942787577127, 499.90554210304805], "cluster_radius": 120.1267965243855, "velocity_coherence": 0.9912253407739463, "connectivity_density": 0.5333333333333333}}
{"metadata": {"episode_id": 0, "frame_id": 1, "timestamp": 0.1, "transformation_progress": 0.0125, "start_formation": "circle", "target_formation": "line", "current_formation": "circle_to_line"}, "node_features": {"positions": [[621.4430977639913, 499.90703275771597], [612.6138642853247, 547.9214762984288], [583.508790546896, 587.8877382127636], [540.3227904035857, 613.1649065030668], [491.3953149554757, 618.9430084714819], [442.80812515518153, 604.2096679978308], [405.4463301385462, 570.8050789791088], [384.9930056167864, 525.0570828857173], [384.9929933937766, 474.9128630465304], [406.36489985354496, 428.8345452397535], [443.21896635268195, 396.15086883312773], [490.7866353725364, 380.741748747566], [540.5408442962124, 385.95466782386245], [583.8731949520917, 410.8714804762343], [613.1433953800886, 450.4223561010198]], "velocities": [[10.930977639913383, -0.9296724228401336], [18.469550192346844, -4.593778056840307], [21.058176351020606, -10.622083110296668], [22.15288740496308, -8.965631305602155], [30.22986933978452, -4.426274093969416], [20.057696003310557, 1.9511433713125115], [18.189123040183027, 1.8644665299324494], [17.137887999956554, 0.7283650990058996], [17.13661370024676, -0.9972256383985565], [27.34407019284508, -5.182638264124438], [24.027256455200693, 2.449585426360657], [23.777841345809563, 2.835557556803518], [23.606003771283795, 2.7359401704192603], [23.491923216387985, 2.008062510088931], [21.998426648270282, -6.841909486970987]], "speeds": [10.97044041860106, 19.032264214830743, 23.585492168549997, 23.89838833655871, 30.552199636939218, 20.15237279867155, 18.28443142162631, 17.15335887855509, 17.165604798123614, 27.83088058412823, 24.151801620687056, 23.94631758171674, 23.764022863689945, 23.577590450448778, 23.03784930125275], "headings": [-0.08484515939668752, -0.24377520272219277, -0.46717424181891404, -0.3845654004573239, -0.1453874381122247, 0.0969714418012566, 0.10214771209874532, 0.042474722167293796, -0.05812713484650816, -0.1873124010161875, 0.10159924360641204, 0.11869157956958175, 0.11538536980065578, 0.08527156741297631, -0.3015342670351748]}, "edge_features": {"distance_matrix": [[0.0, 25.17136173468513, 43.603434799616146, 63.96826225961163, 79.9214771449417, 92.34548872148193, 100.74902675405603, 98.64475303966604, 101.89599625523073, 94.07190298261033, 90.5301122549202, 79.33712813896425, 64.59437583652527, 41.966989469366986, 23.49345066206015], [27.67182347150468, 0.0, 26.335725683462293, 42.89970633657824, 61.686360679553374, 75.17102837177107, 90.38041718551959, 101.33072354036545, 105.41221789749721, 102.16520483166005, 99.3926778408193, 88.55387915923913, 79.83768537912893, 65.3245353575038, 44.33232029908317], [46.83806477484147, 25.24391332546415, 0.0, 25.069283306924653, 44.71486867556123, 59.94422091026517, 77.42370016937377, 90.26439636605085, 98.77523012426545, 98.73232430412149, 105.24091212130652, 93.74258012732821, 91.90307758971149, 73.33386462100206, 59.21147127576919], [62.176506207292334, 45.574711411512666, 29.41234378563171, 0.0, 24.21138554114941, 41.52036388657302, 63.96878796906788, 75.61286346794411, 86.38995625582429, 98.512103478543, 99.38866105010462, 103.99234739003913, 94.7527041015396, 85.06597972756268, 73.65793383214466], [76.40721521875983, 61.16826161841173, 45.786582350759204, 25.309926863299165, 0.0, 25.20216566869007, 43.04830259010381, 66.3579106670605, 73.99527695155422, 90.57022735913618, 100.38373354407913, 98.85638320280344, 104.64410004582062, 95.59345968637992, 91.99366156106142], [86.28267641020629, 78.72034746082812, 60.6029918886591, 44.520359023063286, 23.985032571681046, 0.0, 27.00634677628979, 43.73162695326241, 61.37772720822777, 79.49194687738266, 87.09529158870338, 98.28004895491429, 102.65059289937044, 98.75539111672589, 98.16815969715866], [95.35116600793438, 91.1675565330533, 76.59093708672688, 60.24728556639911, 43.18477904280757, 28.401919324686567, 0.0, 28.07867029156069, 45.282851858119166, 66.53113755304241, 81.07384554648499, 92.79206329388843, 96.51479965590764, 105.74020925850705, 105.04585990324541], [97.78568566385484, 94.56980811733413, 88.43232930632384, 76.20162153546815, 61.695957531044186, 46.37158886885737, 29.060721078839716, 0.0, 26.87861381921214, 49.67803133295129, 62.109078533534706, 81.15735897149096, 89.10252491053183, 95.81858737895328, 100.50494755784328], [97.52527347174336, 101.34560668147603, 95.68216302402763, 86.18508355882341, 81.51095199685894, 60.58636628681379, 49.08413023989124, 26.357846579532, 0.0, 24.207718859708674, 44.146415317219635, 66.3179646598704, 75.37865931203714, 91.3363784492784, 95.80438521103746], [97.67928524399933, 104.42611806993219, 104.84130913496881, 100.03197487268116, 86.25564878687896, 76.10730625064653, 59.617861676315584, 42.53629268731784, 26.491300812458732, 0.0, 24.902730638862064, 43.50321184170507, 64.12739014287278, 79.54867999315545, 90.97119996099177], [86.28925174738201, 93.71914807690762, 100.07280875523672, 104.06120085123212, 93.43260050329526, 93.43801602797959, 78.82249213802234, 59.89121412306379, 49.112493740516584, 29.320030807842876, 0.0, 27.694469888151275, 46.91237896379845, 61.6908020662249, 80.83097796871597], [78.94670245607456, 85.09346786573384, 97.09087535248385, 100.8483307681989, 101.02472861134267, 100.1193425539179, 86.33365851983605, 76.33055330632445, 62.608897543068956, 46.206704139142275, 30.09241579898155, 0.0, 24.081704849083685, 46.52206210929571, 62.71958779022128], [65.23606493346594, 80.12539012609315, 85.76965601721173, 98.31473545150288, 98.33162383538928, 101.29653851090636, 94.41931300553283, 92.03154186138185, 73.89578064802316, 62.50320419906362, 47.15566407520266, 22.64464084270778, 0.0, 24.455632649034197, 45.12369454023498], [45.27396521257973, 62.26898596378978, 73.18746003445321, 86.13741355117845, 99.68282658306528, 98.87610581459607, 98.66272056128837, 98.39232613903852, 91.78126904082309, 79.99871962843842, 63.45656995171603, 46.57816138793102, 22.807864686517387, 0.0, 23.4139842070944], [30.06218771274652, 47.63851483071733, 63.08727420776271, 81.81881962854236, 87.15001599496134, 94.17734031305213, 105.3659464792234, 101.68125738690077, 101.79192460392954, 90.10176395427193, 77.76675152331104, 61.95090343192419, 48.3262335870969, 27.153549062919318, 0.0]], "adjacency_matrix": [[0, 1, 1, 0, 0, 0, 0, 0, 0, 0, 0, 0, 0, 1, 1], [1, 0, 1, 1, 0, 0, 0, 0, 0, 0, 0, 0, 0, 0, 1], [1, 1, 0, 1, 1, 0, 0, 0, 0, 0, 0, 0, 0, 0, 0], [0, 1, 1, 0, 1, 1, 0, 0, 0, 0, 0, 0, 0, 0, 0], [0, 0, 1, 1, 0, 1, 1, 0, 0, 0, 0, 0, 0, 0, 0], [0, 0, 0, 1, 1, 0, 1, 1, 0, 0, 0, 0, 0, 0, 0], [0, 0, 0, 0, 1, 1, 0, 1, 1, 0, 0, 0, 0, 0, 0], [0, 0, 0, 0, 0, 1, 1, 0, 1, 1, 0, 0, 0, 0, 0], [0, 0, 0, 0, 0, 0, 1, 1, 0, 1, 1, 0, 0, 0, 0], [0, 0, 0, 0, 0, 0, 0, 1, 1, 0, 1, 1, 0, 0, 0], [0, 0, 0, 0, 0, 0, 0, 0, 1, 1, 0, 1, 1, 0, 0], [0, 0, 0, 0, 0, 0, 0, 0, 0, 1, 1, 0, 1, 1, 0], [0, 0, 0, 0, 0, 0, 0, 0, 0, 0, 1, 1, 0, 1, 1], [1, 0, 0, 0, 0, 0, 0, 0, 0, 0, 0, 1, 1, 0, 1], [1, 1, 0, 0, 0, 0, 0, 0, 0, 0, 0, 0, 1, 1, 0]], "physical_distances": [[0.0, 48.81948537566852, 95.81031362232781, 139.31206061057497, 176.30084891326845, 206.85621372582133, 227.33485562634533, 237.7838747641704, 237.76745020342247, 226.51695234219463, 206.22604726285596, 176.8374283851396, 139.75090729645683, 96.63760741742337, 50.175873519841524], [48.81948537566852, 0.0, 49.4409487037271, 97.37917923171518, 140.49197391253722, 178.8920053169589, 208.42755690192178, 228.76633447064262, 239.04292182449595, 238.16030836005237, 227.43998930706306, 206.8596988505727, 177.27878400357966, 140.03116591882602, 97.50055816480818], [95.81031362232781, 49.4409487037271, 0.0, 50.03964273607783, 97.20762416792836, 141.64421143689515, 178.88000741605612, 208.22153614658504, 228.41156743511132, 238.07115786018153, 237.580011473918, 226.9512260634292, 206.45389151500757, 177.01663281628618, 140.62340161846183], [139.31206061057497, 97.37917923171518, 50.03964273607783, 0.0, 49.26747726525895, 97.92500311561899, 141.37190145671187, 178.5786398887039, 207.9446401305322, 227.8648689993267, 237.74828115281642, 237.6433355183742, 227.2103433124494, 206.92817099180118, 178.29183441904092], [176.30084891326845, 140.49197391253722, 97.20762416792836, 49.26747726525895, 0.0, 50.771904969208485, 98.51136100406626, 141.9014392305514, 179.07020082875852, 208.25801133386463, 227.94143556916944, 238.20203740710346, 238.11520306757478, 227.69698955178484, 207.89854584013844], [206.85621372582133, 178.8920053169589, 141.64421143689515, 97.92500311561899, 50.771904969208485, 0.0, 50.11756472909274, 98.01897661763921, 141.63422337557842, 179.1215853904731, 208.0592047960095, 228.5603823428717, 239.1378880303967, 239.33033378772353, 229.4877809013786], [227.33485562634533, 208.42755690192178, 178.88000741605612, 141.37190145671187, 98.51136100406626, 50.11756472909274, 0.0, 50.112050751824036, 98.04925323762126, 141.97350534715528, 178.69209598715312, 208.34355568659925, 228.9545855836032, 239.61406890512478, 240.06263948705615], [237.7838747641704, 228.76633447064262, 208.22153614658504, 178.5786398887039, 141.9014392305514, 98.01897661763921, 50.112050751824036, 0.0, 50.14421983918835, 98.56741152275487, 141.44636624880147, 178.93911747939006, 208.67345780880058, 229.32876293143738, 240.0477927233932], [237.76745020342247, 239.04292182449595, 228.41156743511132, 207.9446401305322, 179.07020082875852, 141.63422337557842, 98.04925323762126, 50.14421983918835, 0.0, 50.79340269786444, 97.9475148203529, 141.6350714033732, 179.18899078247165, 208.93691213711153, 229.4610878928361], [226.51695234219463, 238.16030836005237, 238.07115786018153, 227.8648689993267, 208.25801133386463, 179.1215853904731, 141.97350534715528, 98.56741152275487, 50.79340269786444, 0.0, 49.25895777395048, 97.15938710427059, 140.86116552933822, 178.41487192633673, 207.90233233420597], [206.22604726285596, 227.43998930706306, 237.580011473918, 237.74828115281642, 227.94143556916944, 208.0592047960095, 178.69209598715312, 141.44636624880147, 97.9475148203529, 49.25895777395048, 0.0, 50.00124116253199, 97.85453715324999, 141.4224466979771, 178.38078907370917], [176.8374283851396, 206.8596988505727, 226.9512260634292, 237.6433355183742, 238.20203740710346, 228.5603823428717, 208.34355568659925, 178.93911747939006, 141.6350714033732, 97.15938710427059, 50.00124116253199, 0.0, 50.02655125947437, 97.84124032533325, 140.80683137082488], [139.75090729645683, 177.27878400357966, 206.45389151500757, 227.2103433124494, 238.11520306757478, 239.1378880303967, 228.9545855836032, 208.67345780880058, 179.18899078247165, 140.86116552933822, 97.85453715324999, 50.02655125947437, 0.0, 49.98539952943739, 97.09383737234602], [96.63760741742337, 140.03116591882602, 177.01663281628618, 206.92817099180118, 227.69698955178484, 239.33033378772353, 239.61406890512478, 229.32876293143738, 208.93691213711153, 178.41487192633673, 141.4224466979771, 97.84124032533325, 49.98539952943739, 0.0, 49.2038250117037], [50.175873519841524, 97.50055816480818, 140.62340161846183, 178.29183441904092, 207.89854584013844, 229.4877809013786, 240.06263948705615, 240.0477927233932, 229.4610878928361, 207.90233233420597, 178.38078907370917, 140.80683137082488, 97.09383737234602, 49.2038250117037, 0.0]], "communication_quality": [[99999.99999999999, 0.0397276719973922, 0.02293396782285429, 0.015632749872336028, 0.012512279685016982, 0.010828898147120779, 0.00992565320938159, 0.010137385596414175, 0.009813927324052172, 0.010630165458470639, 0.011046047161895346, 0.012604437511325828, 0.015481221580630682, 0.023828246304097363, 0.0425650360491552], [0.03613782950196484, 99999.99999999999, 0.03797121948744181, 0.023310177441601278, 0.016211036392378666, 0.013302995697017393, 0.011064342481446205, 0.009868674241873977, 0.009486565457779712, 0.009788067314767779, 0.01006110229760094, 0.011292558796619116, 0.012525411652368647, 0.015308181549940635, 0.022556901323562518], [0.021350151662022164, 0.0396134937944165, 99999.99999999999, 0.039889437159514166, 0.022363920681876898, 0.01668217249291215, 0.01291594006296493, 0.011078563968444907, 0.010123994623975981, 0.010128394178544768, 0.009502007202553248, 0.010667509812153954, 0.010881027245399638, 0.013636262984440895, 0.016888616505684764], [0.01608324269352865, 0.02194198821251355, 0.033999319037448544, 99999.99999999999, 0.04130286493814086, 0.024084561539157594, 0.015632621399006903, 0.013225261177568493, 0.011575418342434893, 0.010151035894868004, 0.010061508916804733, 0.009616091269566552, 0.010553787397882583, 0.011755579441356747, 0.013576268192862524], [0.013087767513306786, 0.016348344877853287, 0.021840454785087726, 0.0395101736286848, 99999.99999999999, 0.039679113944211974, 0.02322971424041103, 0.015069791065596054, 0.013514374241898872, 0.011041154679044528, 0.009961772341762624, 0.010115683645755763, 0.009556199575514847, 0.010460965621195348, 0.010870312957736916], [0.01158981067471389, 0.01270319434839467, 0.016500832777841888, 0.022461628731827468, 0.04169265061804361, 99999.99999999999, 0.03702831923178728, 0.022866740640619884, 0.016292552405564223, 0.012579889076608248, 0.011481675610038924, 0.010175004071362506, 0.009741783991081976, 0.010126028436844991, 0.01018660124849963], [0.010487547630422384, 0.010968813121028568, 0.013056373344850552, 0.016598255417089893, 0.023156301609085897, 0.03520887572700259, 99999.99999999999, 0.035614209414983056, 0.022083409903137584, 0.015030553910147772, 0.012334432515382644, 0.010776782590392482, 0.010361104203232403, 0.009457139459445065, 0.009519650805129891], [0.010226444606351933, 0.01057419819460037, 0.011308080367930394, 0.013123078598842711, 0.01620851475417449, 0.02156492388429566, 0.03441069659559047, 99999.99999999999, 0.037204285707708964, 0.020129618100235024, 0.0161007031919341, 0.012321740005535183, 0.011223025259652866, 0.01043638737525135, 0.009949757945268256], [0.010253751277633933, 0.009867224974741115, 0.010451267654099795, 0.011602934552916343, 0.012268288528339728, 0.016505360797055016, 0.0203731795058985, 0.037939352047940904, 99999.99999999999, 0.04130912097517745, 0.02265189067550488, 0.015078868212257226, 0.01326635252554546, 0.010948538878952143, 0.01043793447886399], [0.010237584101134598, 0.009576147449710278, 0.009538224130055414, 0.009996802535436854, 0.011593442262968583, 0.013139341252116547, 0.0167734937843692, 0.02350933054409896, 0.03774822646864665, 99999.99999999999, 0.040156222742787046, 0.02298680322203938, 0.01559395824206264, 0.012570917259429945, 0.01099248872724456], [0.011588927518322866, 0.01067017694695232, 0.009992723423188986, 0.009609728657007642, 0.010702901209901774, 0.010702280886162499, 0.012686732505001522, 0.01669693706619206, 0.02036141356758045, 0.03410636453590842, 99999.99999999999, 0.036108278763084374, 0.021316330762257366, 0.016209869290203266, 0.012371492977260529], [0.012666771913477632, 0.011751781982373156, 0.010299627986391797, 0.00991587955124132, 0.009898565576567835, 0.009988078972658795, 0.01158296661250112, 0.013100912094502306, 0.01597216816652, 0.02164187648116895, 0.03323095341931005, 99999.99999999999, 0.04152528199369698, 0.02149517325132616, 0.01594397979631036], [0.015328941862610477, 0.01248043689549509, 0.01165913365920448, 0.010171414220802557, 0.010169667288087943, 0.009872004670448692, 0.010591052426222136, 0.010865838723508676, 0.013532570546043026, 0.015999177207353624, 0.021206355748519798, 0.04416053958818395, 99999.99999999999, 0.04089035869353824, 0.02216130103210698], [0.022087744566378215, 0.016059356418425517, 0.013663541034131213, 0.01160935582669072, 0.010031817254384652, 0.010113665891519377, 0.010135539471805002, 0.010163393199516035, 0.01089546812215608, 0.012500198498708585, 0.015758807057690435, 0.02146928422052894, 0.043844506064001594, 99999.99999999999, 0.04270950061553366], [0.033264367747005905, 0.020991414061486635, 0.015851054813308205, 0.01222212545131728, 0.011474465883209443, 0.010618264335064957, 0.009490731479262804, 0.009834653183412487, 0.009823961042601073, 0.011098560617768921, 0.012858964169418886, 0.016141812034763087, 0.02069269046740061, 0.036827584836405185, 99999.99999999999]], "binary_threshold": 0.02}, "global_features": {"formation_type": "circle_to_line", "cluster_centroid": [503.03014989778137, 499.71896815828046], "cluster_radius": 119.93455628575701, "velocity_coherence": 0.9816782129607154, "connectivity_density": 0.4888888888888889}}
