{"metadata": {"episode_id": 2, "frame_id": 0, "timestamp": 0.0, "transformation_progress": 0.0, "start_formation": "circle", "target_formation": "wolf_pack", "current_formation": "circle_to_wolf_pack"}, "node_features": {"positions": [[620.35, 500.0], [609.164915518209, 549.5761849576897], [580.0904007621596, 588.5392213595933], [538.041749446352, 613.935385115127], [488.4192143337007, 619.7303283820611], [440.42762542099064, 603.428133159122], [403.5090220137108, 570.2544202170503], [383.11307998759725, 524.4691154690149], [383.27223909428307, 475.1016628540273], [403.6249055631899, 429.1196870078529], [440.7848977551442, 396.05419297052094], [487.7681168128581, 381.2467408504572], [538.1377165860597, 385.8600408683357], [581.5229196569345, 410.44483698976967], [609.9467606637056, 452.04924378147024]], "velocities": [[3.5, 0.0], [-4.605393989031209, 7.677877885937104], [-2.052720009033984, -6.381576976940096], [9.597101213583164, -1.9139684029141546], [9.626299258191038, 3.8770093786833906], [4.276254209906288, -4.949152950105899], [5.910613387044646, -2.7981005804647268], [4.907920756539475, -4.8028742911614835], [6.499511823397281, 0.5106575215839896], [7.069448881836315, -3.46082717050331], [7.848977551442433, -0.22758575346413945], [3.115324049766445, 5.893682946499579], [10.556772610660499, -0.13177176245854838], [12.272468938714333, -3.7778395294305573], [3.2130574659349924, 8.576409505662111]], "speeds": [3.5, 8.95318170404057, 6.703594867539384, 9.786093538849565, 10.377708761121035, 6.5406777165125, 6.539473791484176, 6.866970773868995, 6.519541781968373, 7.8711137837659715, 7.852276350092825, 6.66638902322038, 10.557594979472034, 12.840777443824662, 9.158522713200641], "headings": [0.0, 2.1110881833592483, -1.8820074687836792, -0.19684927761765558, 0.3828763674209304, -0.8582089568582646, -0.4421443102206357, -0.7745810914995037, 0.07840752399478121, -0.4552502580518196, -0.028987470488575424, 1.084541541070354, -0.012481553252665516, -0.29862511361738286, 1.2123421887509376]}, "edge_features": {"distance_matrix": [[0.0, 24.931975220533218, 45.52512876681867, 61.64236450716153, 77.80450084468202, 85.80427123476939, 95.29369424794174, 102.06695762933352, 103.9026689828191, 97.78408665839663, 89.22692178040818, 76.59890350741296, 65.77967849884173, 49.155737389268765, 23.595642629631257], [27.04325688001157, 0.0, 27.648691986175944, 46.97093296931706, 59.27581796278474, 79.71577045360434, 84.97354406601792, 95.06919714620946, 102.98663834229583, 104.4038989563901, 94.95765209952783, 87.93247337345498, 76.39219926919151, 63.57311242694498, 46.64989401573705], [44.20270727347387, 28.544728555800653, 0.0, 28.70365266894235, 47.2425319519759, 64.94978487362955, 76.93000799432446, 87.27638080254894, 93.12221205419468, 104.64946523642446, 101.23063930849932, 96.21435607799125, 86.84330584407087, 78.89147495975556, 65.6245532502134], [65.55461459438509, 42.594614002219764, 27.531575950847436, 0.0, 28.865341384305527, 45.741573675417364, 61.26905973352416, 75.39243563704444, 86.44870870548311, 94.16755169428512, 102.54600065667091, 99.58003106202804, 99.74009200182972, 88.73648551390947, 76.2608787068877], [76.77712489157581, 58.32273589101917, 46.95428761284246, 27.668510990483853, 0.0, 26.54864192983612, 44.68875777430286, 65.43610692223493, 75.85049725662924, 88.59325428729919, 94.80934875595949, 105.46005848679826, 102.60025418615581, 94.56572905941847, 87.42476029829383], [92.21826222515159, 73.55612787871856, 60.690933735958396, 45.04374859827712, 30.103022519853273, 0.0, 29.033629090655282, 42.39335398986665, 63.082844042843924, 80.5408398188627, 88.62228501544281, 94.87755017825002, 100.62351109697234, 102.85350150700543, 99.82098150753909], [94.07159176483914, 87.1605635066044, 77.14013385334611, 60.124501321822386, 42.979484805757046, 26.426210675996078, 0.0, 25.801963605633365, 48.43898369909662, 60.094527286924134, 81.18799413038985, 88.93793587000181, 95.7015210085037, 102.52578264437551, 100.70906490781056], [98.92656484556866, 97.00043412288449, 87.50782526209728, 77.62098065511533, 60.98745179797633, 45.81059245157389, 23.124482875108637, 0.0, 28.985836979560208, 45.35601926236445, 59.111102343233014, 80.87047688261963, 85.62582595952135, 94.4025094524566, 105.2715620373416], [100.06874277169547, 104.51366413490271, 95.48491202099314, 91.93919441611585, 78.3931838378367, 61.05817182428067, 46.18026335645526, 24.871433707950263, 0.0, 24.31571621115803, 44.733272760607036, 60.286040895152986, 77.71747787578464, 86.92032967902165, 98.82315613974222], [95.4975745001933, 100.41170187945309, 100.71627333524017, 94.21018268454235, 86.79754700214342, 76.60157395390661, 61.79036559768134, 46.305662983410045, 29.24895248032622, 0.0, 28.26363757598063, 41.14727763806141, 66.74424947056438, 81.75791311621558, 85.80096832943006], [86.94110997980128, 95.72685506682095, 97.92588980976694, 97.96206198540347, 100.54150792162591, 87.10478767472321, 80.10974433201217, 62.4287963751845, 42.62273808947362, 26.078833666590132, 0.0, 22.473850786829463, 44.63556468905245, 65.82183282882525, 77.12302011569525], [74.49718563571594, 85.22543632515494, 97.83312771251832, 102.17638940506876, 101.80093025154954, 94.66909729280961, 91.44125320770013, 79.34169126875696, 62.25121365423947, 46.71001548601065, 24.06031353554569, 0.0, 27.04848989989835, 44.446786655719485, 65.65141276531494], [65.84481192830282, 73.86278714339542, 92.54848910967075, 94.87827723318281, 98.74222261480313, 98.19523022658646, 97.56346032334692, 91.19007117401303, 80.51446147083827, 64.86084336770269, 41.61353470928882, 29.284911683661157, 0.0, 23.46851653947038, 42.486376660027055], [46.38711950281188, 62.61752661528763, 75.85672906063586, 85.98144334483183, 94.0294244389674, 97.94780628031761, 101.84450379202912, 99.68782859553015, 85.74122441046472, 75.38166009799534, 65.12182369342683, 48.110470833008605, 29.040068527210995, 0.0, 24.90590348199236], [29.95375989631756, 44.48346654145256, 61.10567219497663, 74.55414270117926, 89.99860609900362, 97.98941735372539, 100.01032436191457, 102.13528277031196, 97.5567592524266, 93.31033402686217, 78.82260508052147, 66.24746490448392, 48.95808115551161, 24.6579079203163, 0.0]], "adjacency_matrix": [[0, 1, 1, 0, 0, 0, 0, 0, 0, 0, 0, 0, 0, 1, 1], [1, 0, 1, 1, 0, 0, 0, 0, 0, 0, 0, 0, 0, 0, 1], [1, 1, 0, 1, 1, 0, 0, 0, 0, 0, 0, 0, 0, 0, 0], [0, 1, 1, 0, 1, 1, 0, 0, 0, 0, 0, 0, 0, 0, 0], [0, 0, 1, 1, 0, 1, 1, 0, 0, 0, 0, 0, 0, 0, 0], [0, 0, 0, 1, 1, 0, 1, 1, 0, 0, 0, 0, 0, 0, 0], [0, 0, 0, 0, 1, 1, 0, 1, 1, 0, 0, 0, 0, 0, 0], [0, 0, 0, 0, 0, 1, 1, 0, 1, 1, 0, 0, 0, 0, 0], [0, 0, 0, 0, 0, 0, 1, 1, 0, 1, 1, 0, 0, 0, 0], [0, 0, 0, 0, 0, 0, 0, 1, 1, 0, 1, 1, 0, 0, 0], [0, 0, 0, 0, 0, 0, 0, 0, 1, 1, 0, 1, 1, 0, 0], [0, 0, 0, 0, 0, 0, 0, 0, 0, 1, 1, 0, 1, 1, 0], [0, 0, 0, 0, 0, 0, 0, 0, 0, 0, 1, 1, 0, 1, 1], [1, 0, 0, 0, 0, 0, 0, 0, 0, 0, 0, 1, 1, 0, 1], [1, 1, 0, 0, 0, 0, 0, 0, 0, 0, 0, 0, 1, 1, 0]], "physical_distances": [[0.0, 50.82228084043322, 97.26268066300962, 140.55575438428127, 178.16027542918536, 207.5317797421167, 227.93791543770038, 238.4954796821256, 238.381609837468, 228.02145804399422, 207.4809792323509, 177.98958483036984, 140.66552461321874, 97.60978121969023, 49.06630626628719], [50.82228084043322, 0.0, 48.61528169162241, 95.91981754043333, 139.64643996230564, 177.12228937782666, 206.69285412557193, 227.44185473449667, 237.85280259970327, 238.23615088950797, 227.86143246630908, 207.53791096895384, 178.4596279936536, 141.85066768459419, 97.53007503853013], [97.26268066300962, 48.61528169162241, 0.0, 49.12284815619152, 96.83228582703342, 140.45415803945417, 177.52553977815543, 207.13532622021467, 227.16837024996696, 237.8122346069338, 237.60578553978763, 226.92196145205077, 206.97554907328387, 178.10014557672423, 139.71727239624735], [140.55575438428127, 95.91981754043333, 49.12284815619152, 0.0, 49.959757390056396, 98.17799933236368, 141.44639071002248, 178.90529904016518, 207.91441453514315, 228.52730731006625, 238.6024079745222, 238.05764702671826, 228.07536443681124, 208.084154464582, 177.13682111313966], [178.16027542918536, 139.64643996230564, 96.83228582703342, 49.959757390056396, 0.0, 50.684851538239464, 98.27312068195582, 142.00028386092865, 178.81089814219538, 208.62044819469574, 228.6920236224862, 238.48447632901778, 239.09671860561028, 229.0605091503737, 207.08908867881473], [207.5317797421167, 177.12228937782666, 140.45415803945417, 98.17799933236368, 50.684851538239464, 0.0, 49.63344142719692, 97.56784097653878, 140.47925529101988, 178.1512688380345, 207.37424795009204, 227.1688649737026, 238.50185889954443, 239.06157084716804, 227.27143543052046], [227.93791543770038, 206.69285412557193, 177.52553977815543, 141.44639071002248, 98.27312068195582, 49.63344142719692, 0.0, 50.12273518078457, 97.28090571491597, 141.13478078428568, 178.1437904756527, 206.93839159497827, 228.31156899651947, 239.22385049448823, 237.88443344424655], [238.4954796821256, 227.44185473449667, 207.13532622021467, 178.90529904016518, 142.00028386092865, 97.56784097653878, 50.12273518078457, 0.0, 49.36770917628533, 97.53075666841609, 140.7708452944265, 177.38468176332253, 207.95459483777222, 228.8405570704734, 238.11374698725635], [238.381609837468, 237.85280259970327, 227.16837024996696, 207.91441453514315, 178.81089814219538, 140.47925529101988, 97.28090571491597, 49.36770917628533, 0.0, 50.284919559573034, 97.7558612116152, 140.45687895034413, 178.73830930551247, 208.52778585693417, 227.84370246689593], [228.02145804399422, 238.23615088950797, 237.8122346069338, 228.52730731006625, 208.62044819469574, 178.1512688380345, 141.13478078428568, 97.53075666841609, 50.284919559573034, 0.0, 49.741249638895695, 96.8085686971727, 141.29788856663973, 178.8755249934883, 207.59208189608955], [207.4809792323509, 227.86143246630908, 237.60578553978763, 238.6024079745222, 228.6920236224862, 207.37424795009204, 178.1437904756527, 140.7708452944265, 97.7558612116152, 49.741249638895695, 0.0, 49.2613795108614, 97.88509626806088, 141.47183975660155, 178.18861236907293], [177.98958483036984, 207.53791096895384, 226.92196145205077, 238.05764702671826, 238.48447632901778, 227.1688649737026, 206.93839159497827, 177.38468176332253, 140.45687895034413, 96.8085686971727, 49.2613795108614, 0.0, 50.58042228340394, 98.19619073310415, 141.21124400885486], [140.66552461321874, 178.4596279936536, 206.97554907328387, 228.07536443681124, 239.09671860561028, 238.50185889954443, 228.31156899651947, 207.95459483777222, 178.73830930551247, 141.29788856663973, 97.88509626806088, 50.58042228340394, 0.0, 49.86670277683817, 97.66037780810287], [97.60978121969023, 141.85066768459419, 178.10014557672423, 208.084154464582, 229.0605091503737, 239.06157084716804, 239.22385049448823, 228.8405570704734, 208.52778585693417, 178.8755249934883, 141.47183975660155, 98.19619073310415, 49.86670277683817, 0.0, 50.38691697323328], [49.06630626628719, 97.53007503853013, 139.71727239624735, 177.13682111313966, 207.08908867881473, 227.27143543052046, 237.88443344424655, 238.11374698725635, 227.84370246689593, 207.59208189608955, 178.18861236907293, 141.21124400885486, 97.66037780810287, 50.38691697323328, 0.0]], "communication_quality": [[99999.99999999999, 0.040109120519469535, 0.021965885817988046, 0.016222606737574998, 0.012852725235896145, 0.011654430124108802, 0.010493872684370952, 0.009797489072386287, 0.009624390918403131, 0.010226611833347962, 0.011207378535228003, 0.013055015459236556, 0.015202261105532725, 0.020343501077929104, 0.04238068832833244], [0.036977780992100764, 99999.99999999999, 0.036168063169836666, 0.021289757811616263, 0.01687028312160957, 0.012544567641560174, 0.011768367358426327, 0.010518652989943141, 0.009709996549031371, 0.009578185433820335, 0.010531009061194783, 0.011372361630603959, 0.01309034009575756, 0.015729917956273886, 0.021436271330004374], [0.022623043597369562, 0.035032725840005545, 99999.99999999999, 0.034838759482845025, 0.02116736226887502, 0.015396507440026, 0.012998827064797715, 0.011457852356227299, 0.01073857536838013, 0.009555709646329296, 0.009878431155296758, 0.01039345828240869, 0.011514990995916399, 0.01267563920884648, 0.015238196651872546], [0.015254453918200798, 0.023477141151613083, 0.036321917734245875, 99999.99999999999, 0.0346436108359212, 0.021861945294592504, 0.016321449050055302, 0.01326392838898232, 0.011567551433663687, 0.01061936809244885, 0.009751720165380682, 0.010042173003093097, 0.01002605752279715, 0.011269320409923667, 0.013112881543297338], [0.013024711086343527, 0.017145969119296642, 0.021297305057045305, 0.03614215593034171, 99999.99999999999, 0.037666695945347495, 0.022376987547529214, 0.01528208040199592, 0.013183827454398483, 0.011287539837758985, 0.010547481948211599, 0.00948226200066599, 0.009746563597396013, 0.01057465430869916, 0.011438405804075825], [0.01084383794958219, 0.013595058534052296, 0.016476922889032557, 0.022200634030532455, 0.03321924458409595, 99999.99999999999, 0.03444280604568989, 0.023588597504058218, 0.01585216799672429, 0.012416059704473091, 0.011283842286252524, 0.01053990003665, 0.00993803425976602, 0.009722565475383785, 0.010017932950750884], [0.010630200626325116, 0.011473077330362302, 0.012963418915851852, 0.01663215181321643, 0.02326690912769992, 0.03784120371432217, 99999.99999999999, 0.03875672517476218, 0.02064452466151562, 0.016640447620479278, 0.012317090569118762, 0.011243794650504667, 0.010449153628599144, 0.009753643197557461, 0.00992959175640729], [0.010108507259662737, 0.01030923114880954, 0.011427548139030873, 0.012883113080109839, 0.016396812894305134, 0.021829007838460406, 0.043244191576473745, 99999.99999999999, 0.034499595637317915, 0.02204778540501076, 0.01691729288045582, 0.012365450469606559, 0.011678718097102593, 0.010592937622852579, 0.00949924068432533], [0.009993129446526397, 0.009568125972772078, 0.010472857691396992, 0.010876752810194122, 0.012756209449363537, 0.0163778214503324, 0.021654267662757697, 0.04020675324449886, 99999.99999999999, 0.04112564812237106, 0.02235471975869874, 0.016587585107194346, 0.01286711687848549, 0.01150478706931873, 0.010119084816468404], [0.01047146904535555, 0.00995899762370874, 0.00992888107945207, 0.010614562729411296, 0.011521061589041101, 0.013054560341751275, 0.016183750144375633, 0.021595626098734607, 0.03418924690654008, 99999.99999999999, 0.03538113745976059, 0.024302938477893637, 0.01498256191517146, 0.012231230465315764, 0.011654878760945273], [0.011502037243508323, 0.010446388266261122, 0.010211803025988246, 0.010208032351020524, 0.009946139870093464, 0.011480423888180252, 0.012482874380759349, 0.016018246352336167, 0.023461650053647434, 0.03834525843188017, 99999.99999999999, 0.04449613751216427, 0.022403654640191405, 0.01519252511055603, 0.012966295521582348], [0.013423324079068735, 0.011733584781530705, 0.010221485514841503, 0.009786995879895842, 0.009823091982539707, 0.010563107951435736, 0.01093598190708056, 0.012603712600170552, 0.016063941257673534, 0.021408680247872985, 0.04156220087907974, 99999.99999999999, 0.036970626973799686, 0.02249880925606184, 0.01523196235327167], [0.01518722309081314, 0.013538615360837534, 0.010805145514191337, 0.01053981926910522, 0.010127378868381826, 0.010183792999461995, 0.010249737905855325, 0.010966104943933045, 0.012420127484314324, 0.015417620152650469, 0.02403063730777983, 0.03414726564073165, 99999.99999999999, 0.042610259247343754, 0.02353695097683704], [0.021557703844110085, 0.015969967105921842, 0.013182744372924507, 0.01163041517790427, 0.0106349677201247, 0.010209518067642184, 0.009818889233857438, 0.010031313890326823, 0.011662999802554159, 0.013265824419915492, 0.015355832956235329, 0.020785491699220345, 0.03443516859167529, 99999.99999999999, 0.04015110711450221], [0.03338477939375963, 0.022480257339332184, 0.016365090186035235, 0.013413069074879077, 0.011111281965713149, 0.010205182610060244, 0.009998966670596543, 0.009790934875458384, 0.010250441949471653, 0.010716925443036842, 0.01268671432657299, 0.015094914960031413, 0.02042563295255072, 0.040554924516804966, 99999.99999999999]], "binary_threshold": 0.02}, "global_features": {"formation_type": "circle_to_wolf_pack", "cluster_centroid": [500.54490424099293, 499.9872795988062], "cluster_radius": 119.83710742780629, "velocity_coherence": 0.6694371924569994, "connectivity_density": 0.5422222222222223}}
{"metadata": {"episode_id": 2, "frame_id": 1, "timestamp": 0.1, "transformation_progress": 0.0125, "start_formation": "circle", "target_formation": "wolf_pack", "current_formation": "circle_to_wolf_pack"}, "node_features": {"positions": [[620.7881884737736, 500.9626399313488], [609.6550132474636, 550.4606268403387], [581.4288809019574, 588.1210670276713], [540.1150690185775, 613.3255723134391], [489.87466216376794, 619.1202867516987], [443.0070099939362, 603.1234571667617], [404.91801115360175, 568.405464373736], [385.11404712089706, 523.8402737853842], [385.64749503827727, 474.0552034240538], [405.48578891653364, 429.43809627712164], [442.6352802604957, 396.29595828288865], [489.7773940701359, 382.7718051162315], [539.5579253062085, 386.6376041003532], [584.4369026454141, 410.742274376022], [610.6795642648063, 453.2338592752246]], "velocities": [[4.381884737736008, 9.626399313488104], [4.900977292545552, 8.844418826489147], [13.384801397979025, -4.181543319220141], [20.733195722254678, -6.098128016879225], [14.554478300672063, -6.100416303624009], [25.79384572945561, -3.0467599236033567], [14.089891398909153, -18.489558433143937], [20.009671332998042, -6.28841683630761], [23.752559439942264, -10.464594299735221], [18.60883353343729, 3.1840926926874205], [18.503825053515165, 2.41765312367703], [20.09277257277811, 15.250642657743283], [14.202087201488037, 7.775632320174868], [29.139829884795773, 2.9743738625235845], [7.328036011007789, 11.84615493754319]], "speeds": [10.57678956950208, 10.111544036417127, 14.022774796517837, 21.611399079364737, 15.781252094883206, 25.973163525974865, 23.246264445835124, 20.974535350318508, 25.95557384852127, 18.879277839758746, 18.661098259146506, 25.225019546782583, 16.191347654139797, 29.291237351619344, 13.929518964519408], "headings": [1.1436309961099902, 1.0647861354450825, -0.30280270420671984, -0.2860571804486593, -0.39689977787270625, -0.1175748543339352, -0.919630339012593, -0.30449555477801393, -0.4149818244809086, 0.16946539709785158, 0.1299209700136801, 0.6492434781235498, 0.5009212345017726, 0.10172016049174745, 1.016812223173663]}, "edge_features": {"distance_matrix": [[0.0, 28.05967888299978, 47.61970690871414, 60.74061089798533, 73.868563825582, 84.78187072354245, 95.63265959585917, 102.0408092301991, 104.21769049313373, 95.88797352705781, 90.18799062359999, 78.35448855370879, 64.5446258480467, 45.18300512650281, 29.772799755980202], [27.39583250620316, 0.0, 23.380480779188645, 44.386121282914914, 61.2984388030591, 74.75732785288973, 92.69378096228073, 96.72434165518965, 102.78156109153912, 98.31069839633902, 97.70042695272447, 90.24878287288968, 79.84004341243916, 64.97425071641601, 47.85776353841943], [48.164106515231495, 22.550302641122403, 0.0, 24.55553372144709, 44.09564596662598, 62.77682454536041, 79.73305571288176, 91.29942310895954, 96.88462966329375, 100.6585735046225, 99.54394300538013, 95.67669315536273, 91.99688754420183, 79.20112781188196, 62.41907375301748], [64.87584247046779, 45.50025587874907, 25.39206037674999, 0.0, 27.46314949136338, 47.33335570921096, 66.28789190835359, 75.20501213511285, 89.833540626518, 95.15838714111749, 97.55786605816948, 97.41252827680962, 97.44804662389652, 86.04788877711357, 76.70255394772865], [79.3960171353944, 64.95910700618832, 48.71213603099949, 30.31515762110511, 0.0, 25.95070340204858, 46.28981488690518, 65.69969232720219, 74.76727615267858, 91.48964404709227, 98.44899282042182, 101.05322522398363, 102.4175477885457, 97.89230258908904, 85.39270468938105], [89.50778472521513, 76.34117766227162, 60.82886115681734, 46.48071073041998, 28.14764327436676, 0.0, 30.933354840634035, 47.40102135050666, 62.11078406822469, 76.29825539258583, 86.62275157820663, 100.30954694643604, 100.20579359085671, 104.18041158089028, 93.10449532071304], [97.63339118847173, 91.81355029467962, 80.26259453002068, 63.72871964266368, 47.398892087934875, 26.40468792137421, 0.0, 25.38849985995513, 41.28950686228884, 58.553800356438124, 79.05156636217156, 86.45273087017293, 99.95105294226578, 101.56394657688554, 97.09184882133671], [100.42324153427921, 97.21311324603842, 86.74451274718042, 77.14969933932477, 63.35787660506977, 43.984654106748785, 24.37477794349401, 0.0, 27.956528947888394, 48.30358725602569, 60.40098801550375, 77.19520183076013, 86.95362149725047, 101.48187650777635, 102.82446459388593], [100.68772521206239, 103.76569319969605, 98.4915068707138, 91.95562629558766, 78.96407577402746, 58.74382482291213, 46.47684808792817, 29.716570186093882, 0.0, 24.95541490265636, 48.11138508695853, 59.30681103553627, 77.05945134812214, 88.04641570714799, 99.61608044947893], [100.20449497605827, 100.83122770704198, 100.0270143056841, 95.40852876789279, 88.705500583198, 73.8696945720282, 63.643464986402904, 42.45691842977951, 26.373367927720288, 0.0, 27.124133876258956, 48.139292920075064, 64.98021988389719, 75.72442084625254, 87.3248260059203], [86.28198769108266, 93.7137499763445, 101.51226619597779, 102.34148841771807, 100.68224717397196, 89.38239503250225, 75.89075982554044, 60.32268417571192, 45.361797318935004, 25.059306596476716, 0.0, 29.499853807864998, 46.997800232820175, 64.68708524544934, 74.86593344497973], [77.82271170705536, 92.3941979462919, 99.28872092726498, 101.46067217868355, 98.30079401440545, 97.68433659449656, 86.08164172711007, 75.22307583561414, 64.63473410272219, 45.80548718664379, 26.841057084947927, 0.0, 27.72754621630358, 45.93837874314284, 63.6458419365916], [66.28404929571263, 75.56395774628311, 91.08017244194134, 94.31374650305631, 97.60355591337311, 99.49029709580681, 100.10597942992156, 89.25832435935486, 73.23638102569348, 64.8114384267979, 42.036694176678985, 24.067195828456786, 0.0, 26.448810008528284, 46.62144245146522], [44.432044972342034, 60.26554016794999, 77.55689236238345, 92.5842782380971, 98.8722320573064, 103.44748747392221, 98.58862898912562, 96.7771086686936, 86.79019006272613, 80.50332207555854, 62.93955127158476, 42.37669981079843, 25.63911452391488, 0.0, 29.796216670063057], [28.95378777623899, 48.72270645814383, 60.209819265026425, 80.11170736784858, 85.44795705855378, 96.68880003995635, 101.0627621094062, 97.8664278052238, 95.1859764927301, 86.67393895862378, 76.48899398462731, 60.02189242688676, 47.97134506127154, 26.819122538671742, 0.0]], "adjacency_matrix": [[0, 1, 1, 0, 0, 0, 0, 0, 0, 0, 0, 0, 0, 1, 1], [1, 0, 1, 1, 0, 0, 0, 0, 0, 0, 0, 0, 0, 0, 1], [1, 1, 0, 1, 1, 0, 0, 0, 0, 0, 0, 0, 0, 0, 0], [0, 1, 1, 0, 1, 1, 0, 0, 0, 0, 0, 0, 0, 0, 0], [0, 0, 1, 1, 0, 1, 1, 0, 0, 0, 0, 0, 0, 0, 0], [0, 0, 0, 1, 1, 0, 1, 1, 0, 0, 0, 0, 0, 0, 0], [0, 0, 0, 0, 1, 1, 0, 1, 1, 0, 0, 0, 0, 0, 0], [0, 0, 0, 0, 0, 1, 1, 0, 1, 1, 0, 0, 0, 0, 0], [0, 0, 0, 0, 0, 0, 1, 1, 0, 1, 1, 0, 0, 0, 0], [0, 0, 0, 0, 0, 0, 0, 1, 1, 0, 1, 1, 0, 0, 0], [0, 0, 0, 0, 0, 0, 0, 0, 1, 1, 0, 1, 1, 0, 0], [0, 0, 0, 0, 0, 0, 0, 0, 0, 1, 1, 0, 1, 1, 0], [0, 0, 0, 0, 0, 0, 0, 0, 0, 0, 1, 1, 0, 1, 1], [1, 0, 0, 0, 0, 0, 0, 0, 0, 0, 0, 1, 1, 0, 1], [1, 1, 0, 0, 0, 0, 0, 0, 0, 0, 0, 0, 1, 1, 0]], "physical_distances": [[0.0, 50.7345868088256, 95.63339639706305, 138.32418724190842, 176.3507325560149, 205.0438489686712, 226.16027066001027, 236.7819398374271, 236.67521173270384, 226.87195419454312, 206.6242312802367, 176.445180394837, 140.2446771611326, 97.26834193257275, 48.78750645727386], [50.7345868088256, 0.0, 47.064034063068625, 93.74329422786715, 138.0633238947875, 174.77108080680077, 205.52191420985255, 226.11344202816053, 236.67943920345235, 237.34263221726178, 227.29350241145585, 206.13147384823063, 178.18974301993325, 141.97595260353154, 97.23216564464595], [95.63339639706305, 47.064034063068625, 0.0, 48.39522847384442, 96.65984994949443, 139.23248922418347, 177.60853618936463, 206.57089422845377, 226.58634621340778, 236.93091149871327, 236.7710622605078, 224.8739967316289, 205.78815018286437, 177.40429610741083, 138.0223217180662], [138.32418724190842, 93.74329422786715, 48.39522847384442, 0.0, 50.5734831345219, 97.6425024310586, 142.4642430670243, 178.97747188397855, 207.98189118753825, 227.90271368239962, 237.9162932263572, 235.98500182858902, 226.68865287370093, 207.37506489268495, 174.95343544173429], [176.3507325560149, 138.0633238947875, 96.65984994949443, 50.5734831345219, 0.0, 49.522473450766256, 98.9425376655131, 141.60885330734675, 178.62581215451905, 207.60735851884323, 227.7767340185985, 236.34850165057702, 237.7322535316721, 228.83053416567105, 205.21240506496918], [205.0438489686712, 174.77108080680077, 139.23248922418347, 97.6425024310586, 49.522473450766256, 0.0, 51.53747040974735, 98.17035355597038, 141.23996629899233, 177.69199930920868, 206.82783293733274, 225.26055888244872, 237.0405109375361, 238.77381352939972, 224.90214986034385], [226.16027066001027, 205.52191420985255, 177.60853618936463, 142.4642430670243, 98.9425376655131, 51.53747040974735, 0.0, 48.767337466636235, 96.2981024352199, 138.96852797409917, 176.1938548182577, 204.1101916081268, 226.20225797145642, 238.9240755610542, 235.80143205608937], [236.7819398374271, 226.11344202816053, 206.57089422845377, 178.97747188397855, 141.60885330734675, 98.17035355597038, 48.767337466636235, 0.0, 49.787928231280866, 96.57525035996332, 139.91513384512834, 175.65514238779477, 206.58529492105444, 229.17407838769105, 236.35792412013546], [236.67521173270384, 236.67943920345235, 226.58634621340778, 207.98189118753825, 178.62581215451905, 141.23996629899233, 96.2981024352199, 49.787928231280866, 0.0, 48.82872263495009, 96.4059534959201, 138.47633255906806, 177.0035514241982, 208.62827124202866, 225.99327545866794], [226.87195419454312, 237.34263221726178, 236.93091149871327, 227.90271368239962, 207.60735851884323, 177.69199930920868, 138.96852797409917, 96.57525035996332, 48.82872263495009, 0.0, 49.78439532568306, 96.34737894765878, 140.73812520658785, 179.9250812459573, 206.56893226799448], [206.6242312802367, 227.29350241145585, 236.7710622605078, 237.9162932263572, 227.7767340185985, 206.82783293733274, 176.1938548182577, 139.91513384512834, 96.4059534959201, 49.78439532568306, 0.0, 49.043670471491794, 97.40268439921225, 142.53559611429603, 177.42831215996637], [176.445180394837, 206.13147384823063, 224.8739967316289, 235.98500182858902, 236.34850165057702, 225.26055888244872, 204.1101916081268, 175.65514238779477, 138.47633255906806, 96.34737894765878, 49.043670471491794, 0.0, 49.93040848952906, 98.70546952588819, 139.93654216853412], [140.2446771611326, 178.18974301993325, 205.78815018286437, 226.68865287370093, 237.7322535316721, 237.0405109375361, 226.20225797145642, 206.58529492105444, 177.0035514241982, 140.73812520658785, 97.40268439921225, 49.93040848952906, 0.0, 50.94269070349188, 97.43381718619939], [97.26834193257275, 141.97595260353154, 177.40429610741083, 207.37506489268495, 228.83053416567105, 238.77381352939972, 238.9240755610542, 229.17407838769105, 208.62827124202866, 179.9250812459573, 142.53559611429603, 98.70546952588819, 50.94269070349188, 0.0, 49.94208722226238], [48.78750645727386, 97.23216564464595, 138.0223217180662, 174.95343544173429, 205.21240506496918, 224.90214986034385, 235.80143205608937, 236.35792412013546, 225.99327545866794, 206.56893226799448, 177.42831215996637, 139.93654216853412, 97.43381718619939, 49.94208722226238, 0.0]], "communication_quality": [[99999.99999999999, 0.0356383138875734, 0.020999704847405456, 0.016463447116872795, 0.013537556611844076, 0.011794973070493792, 0.010456677662831858, 0.009799999721131686, 0.00959529902567639, 0.010428835430852695, 0.011087949539689923, 0.012762509089564795, 0.015493154262334607, 0.022132210460063657, 0.03358769320719348], [0.0365018889188596, 99999.99999999999, 0.04277070184044709, 0.022529559821874347, 0.016313626519535922, 0.013376613302734737, 0.01078820910892428, 0.010338658082350103, 0.00972937063891913, 0.010171831902263445, 0.010235368757704559, 0.011080480615496359, 0.012525041721029197, 0.015390709936116994, 0.020895247021828472], [0.02076234492298345, 0.04434528318584885, 99999.99999999999, 0.040724001526652766, 0.02267797083587678, 0.015929442878764997, 0.012541848116075121, 0.010952970527282127, 0.010321553586567814, 0.009934572543970654, 0.010045813631149973, 0.010451865156517462, 0.010869931776987687, 0.012626081236044785, 0.016020741412303377], [0.015414055645052388, 0.021977893550442978, 0.03938237351908258, 99999.99999999999, 0.036412416434259146, 0.02112674611274056, 0.015085709023986777, 0.013296984318459564, 0.011131698491552326, 0.010508794074337184, 0.010250325656984822, 0.010265618961271473, 0.010261877297969397, 0.011621434273372089, 0.013037373831225265], [0.012595088647127084, 0.015394297922872552, 0.020528760924711034, 0.03298678775253778, 99999.99999999999, 0.03853458610201671, 0.021603019722869758, 0.015220769114291127, 0.01337483345266738, 0.01093019763180296, 0.010157543208681077, 0.00989577422022668, 0.009763950845856227, 0.010215306734018855, 0.011710600882493719], [0.011172211348407752, 0.013099088848655774, 0.01643956202017939, 0.021514296342344266, 0.03552694039011311, 99999.99999999999, 0.032327553279506184, 0.02109658738447072, 0.016100261073808922, 0.013106457857915777, 0.011544309853215178, 0.0099691398351404, 0.009979461909043011, 0.009598732514473038, 0.010740618797719224], [0.010242396432237342, 0.010891637322313354, 0.012459102291229152, 0.015691510023927144, 0.021097535089416013, 0.037872048488406106, 99999.99999999999, 0.0393878965530499, 0.024219222601592972, 0.01707830786609172, 0.012649969121659775, 0.011567013259900128, 0.010004896101781577, 0.009846012637790297, 0.010299524719576611], [0.009957853233408327, 0.010286677010356743, 0.011528105387293796, 0.012961811633038514, 0.01578335474213848, 0.022735196921659907, 0.0410259979417345, 99999.99999999999, 0.03576980690864567, 0.02070239188811665, 0.016556017828435875, 0.012954171331148909, 0.011500382247193673, 0.009853975269994335, 0.009725311059935736], [0.009931696227885757, 0.009637095583263288, 0.010153158685865943, 0.01087480920457709, 0.012663985028101418, 0.017023062982091275, 0.021516084372745894, 0.03365124767849156, 99999.99999999999, 0.04007144754700433, 0.020785096715498656, 0.016861466902783513, 0.01297699182560363, 0.011357644469590499, 0.010038538909606754], [0.009979591239325304, 0.009917561489282014, 0.009997298299547378, 0.010481242170921114, 0.0112732567957217, 0.013537349388272281, 0.0157125298424331, 0.023553281807795465, 0.03791702385415443, 99999.99999999999, 0.03686752306587171, 0.020773046956252865, 0.015389296125709934, 0.013205777697165591, 0.01145149588293763], [0.011589903186761183, 0.010670791570548689, 0.009851025289487331, 0.009771207334862248, 0.009932236603238536, 0.011187884233327226, 0.013176832996935258, 0.016577508907130938, 0.022044977021508094, 0.03990531809397379, 99999.99999999999, 0.03389846158318157, 0.021277587084294957, 0.01545903392640511, 0.013357208284363866], [0.012849717641131285, 0.010823189269410621, 0.010071636435081044, 0.00985603465822247, 0.010172856773922778, 0.010237054705920907, 0.011616877463854073, 0.013293791246284568, 0.015471555026360558, 0.021831440796839234, 0.03725634293283314, 99999.99999999999, 0.03606520503281887, 0.02176828633653958, 0.015711943034343687], [0.015086583571152555, 0.013233820692921311, 0.010979336812785213, 0.01060290711639287, 0.010245527308782325, 0.010051230408174574, 0.009989412278873108, 0.01120343559150444, 0.013654413959982962, 0.015429372807945534, 0.023788734620988135, 0.04155031569213621, 99999.99999999999, 0.037808870099972525, 0.021449353192954244], [0.022506273919189145, 0.016593227759693015, 0.012893758898821347, 0.010800968706788788, 0.010114062139102696, 0.009666739403261904, 0.010143156556916263, 0.010333021004927787, 0.01152203819414251, 0.012421846080376194, 0.01588825819241083, 0.023597867896416536, 0.03900289181353484, 99999.99999999999, 0.03356129657198247], [0.03453778353113499, 0.020524307195783485, 0.016608583884174234, 0.012482568503784595, 0.01170302857310512, 0.010342458445674873, 0.009894840396001043, 0.010218007546062162, 0.01050574813422116, 0.0115374920840099, 0.013073774633030638, 0.01666058487929651, 0.020845773456320906, 0.037286813753504296, 99999.99999999999]], "binary_threshold": 0.02}, "global_features": {"formation_type": "circle_to_wolf_pack", "cluster_centroid": [502.2080821717231, 500.03561260281833], "cluster_radius": 119.1892223937124, "velocity_coherence": 0.827647975500075, "connectivity_density": 0.49777777777777776}}
