{"metadata": {"episode_id": 8, "frame_id": 0, "timestamp": 0.0, "transformation_progress": 0.0, "start_formation": "v_shape", "target_formation": "circle", "current_formation": "v_shape_to_circle"}, "node_features": {"positions": [[500.975, 499.35048094716166], [475.80031436375384, 457.9129223984855], [475.1417661287985, 544.3502136593006], [450.0229896125851, 413.6653304903293], [451.1279195143637, 586.6111339336676], [425.43901843996645, 371.7436572009612], [424.65139064115283, 628.9665424550512], [399.5376375057638, 327.1415767783349], [399.5376375057638, 672.8584232216651], [375.1878506257686, 284.47584666252027], [375.57380371881715, 714.8767925668234], [351.27441160879937, 241.90302718571672], [350.64743330271125, 758.5668936701583], [325.59146854693995, 197.23028162767022], [325.45385118024575, 802.6344745294191]], "velocities": [[9.750000000000002, -6.495190528383288], [8.003143637538468, 12.141925877074474], [1.41766128798516, 10.489434700786694], [0.22989612585110075, 2.6787086877319393], [11.279195143637155, 0.08593555223731908], [4.390184399664481, 16.474677686270024], [-3.4860935884717716, -9.372681126146137], [-4.623624942361887, 3.466575352226366], [-4.623624942361887, -3.4665753522261387], [1.8785062576857432, 9.82197608629931], [5.738037188171502, -16.295583792862836], [12.744116087993888, 17.1064832104833], [6.474333027112621, -12.407274651733278], [5.914685469399458, 3.391729522237194], [4.538511802457758, -4.7441679513441795]], "speeds": [11.715374513859981, 14.542237519977563, 10.58480060603504, 2.6885558321172938, 11.279522507951581, 17.049596004877674, 10.0, 5.778845237614027, 5.77884523761389, 10.0, 17.27631679273835, 21.33176651603921, 13.994908089355372, 6.8181620216844685, 6.5654564907254995], "headings": [-0.5876610248513527, 0.9880275116995787, 1.4364589582400065, 1.4851826272024116, 0.0076187962347119085, 1.310367520482505, -1.9268833027139958, 2.4982498261835766, -2.498249826183608, 1.3818229719154846, -1.2322321381727241, 0.9305109467163178, -1.0898474483924843, 0.5206626713555812, -0.8075493650345152]}, "edge_features": {"distance_matrix": [[0.0, 26.882293833491186, 27.605116751533338, 42.15460892157535, 48.64577650809313, 64.57755538185175, 66.16222980684202, 82.94612790988488, 83.89408682103596, 103.88484047616427, 106.57779758975641, 124.87829749774387, 126.01219663768318, 148.34835011134496, 149.67537282573699], [24.51424114832917, 0.0, 44.34863855836393, 28.75292996387627, 60.1447956884572, 47.29277111925967, 81.21093898239255, 64.43865438809965, 98.14373260606202, 83.49938235441263, 113.75038519722223, 104.59433889729675, 135.1207254478976, 128.9346312794086, 153.9981007920074], [25.68990816196515, 37.01446291256814, 0.0, 57.618651880315596, 29.721014881669664, 82.12663127784995, 48.401983778314815, 96.10086394647965, 65.25350256921679, 121.09576011284499, 88.1597395257802, 140.32173975051577, 102.32974568375825, 154.44593218798283, 127.94550169619845], [44.76186184829359, 26.74867961803012, 55.56765571630766, 0.0, 73.80178429598624, 24.826993834236696, 93.1765788967918, 45.95411381532274, 110.64062128891266, 66.27577847454047, 132.4792540129961, 86.14296778462247, 150.43868407315793, 105.93705117143597, 166.35000128484344], [49.10498404791239, 59.08577515745275, 24.70295635614635, 78.51680584556298, 0.0, 95.31362151084691, 24.605653614371075, 115.01344505204425, 49.416317177421746, 129.38477433022007, 61.967676843546926, 146.40272343642468, 84.73204306555053, 169.73743980031793, 105.56089453908281], [63.80764861063535, 45.68923654478564, 74.46271040064585, 27.951704599503483, 92.66949956958788, 0.0, 110.77758819133459, 26.011705175312986, 130.46870666187172, 42.848250882249744, 144.2615362006986, 62.85533356042561, 164.84275199730223, 90.5485999724446, 180.800060235662], [62.72054132952644, 74.22562265271017, 45.632374178872304, 90.36895085102975, 22.482340014575026, 107.91259077118325, 0.0, 130.58421101545386, 22.754739450089584, 146.94497073900914, 48.703650085134925, 167.0060977802062, 65.38431568918018, 183.6367113977868, 88.60852501981648], [85.07172835410013, 66.04960118348342, 100.2427246587386, 42.62814346968771, 109.93384153365346, 23.31788293050901, 123.7972725325362, 0.0, 142.44005426193644, 28.277518969239413, 162.81387654572617, 47.25689711496878, 179.9039247785907, 62.90571274029114, 194.72871865060014], [88.33957083835347, 94.69205467935407, 65.90934156271776, 109.4088096658721, 44.21036109875613, 124.19465730418295, 30.155655819408516, 146.41890902819293, 0.0, 159.12639986616358, 29.0715028505096, 183.08173362323473, 46.419353757452484, 199.30188053437504, 64.95787248606801], [104.80592365426716, 87.13100236069839, 117.9928312310788, 66.7315200577303, 131.0537810538959, 45.78953217438202, 142.0405181790458, 24.916456809486057, 164.1912220003031, 0.0, 181.38035021164706, 29.29246659887847, 194.5202382837243, 46.91887611236329, 214.66802947508427], [107.0080038178608, 113.01389298752486, 87.23839377003873, 129.70012093123276, 67.64917552227944, 141.1201680687303, 43.25401013495576, 162.72655694681524, 24.857937547613247, 174.75927906775928, 0.0, 194.3313307249221, 26.716198425320385, 214.0660728348668, 43.73990810053996], [125.6935004962901, 107.5284572795614, 134.5115363726056, 86.51199559632833, 146.10362259022045, 64.86297393723882, 162.11324288607938, 47.46419901632326, 181.42337986155684, 27.35996029571991, 192.18044958269854, 0.0, 209.15578966848594, 30.788612690489295, 227.20093151829795], [127.12511587286971, 139.01121674269672, 105.3415117955615, 150.41980696484327, 87.14863856438753, 162.55800172801654, 67.6078249044707, 182.32061234276762, 43.66880779098081, 192.4356776733424, 23.519635654153692, 213.35100327488254, 0.0, 228.14404647018245, 22.713686309429924], [148.75441054934856, 125.19751997398056, 160.52099466443832, 107.27513451066471, 172.73963946205245, 88.18157612955464, 183.67277447440074, 69.40791352369548, 199.74656170311692, 47.60353326806892, 214.82148460660733, 29.718410578071534, 229.2815104531387, 0.0, 250.9773709932857], [149.97669312155722, 154.07469633099169, 123.06309173152788, 173.5858531418084, 105.08566748277654, 179.35891818682722, 90.07886200194302, 201.2824390301514, 64.5736546712452, 210.9712138519658, 50.190465794272626, 230.49180561624777, 30.079071017781587, 250.78895598482265, 0.0]], "adjacency_matrix": [[0, 1, 1, 1, 1, 0, 0, 0, 0, 0, 0, 0, 0, 0, 0], [1, 0, 1, 1, 0, 1, 0, 0, 0, 0, 0, 0, 0, 0, 0], [1, 1, 0, 0, 1, 0, 1, 0, 0, 0, 0, 0, 0, 0, 0], [1, 1, 0, 0, 0, 1, 0, 1, 0, 0, 0, 0, 0, 0, 0], [1, 0, 1, 0, 0, 0, 1, 0, 1, 0, 0, 0, 0, 0, 0], [0, 1, 0, 1, 0, 0, 0, 1, 0, 1, 0, 0, 0, 0, 0], [0, 0, 1, 0, 1, 0, 0, 0, 1, 0, 1, 0, 0, 0, 0], [0, 0, 0, 1, 0, 1, 0, 0, 0, 1, 0, 1, 0, 0, 0], [0, 0, 0, 0, 1, 0, 1, 0, 0, 0, 1, 0, 1, 0, 0], [0, 0, 0, 0, 0, 1, 0, 1, 0, 0, 0, 1, 0, 1, 0], [0, 0, 0, 0, 0, 0, 1, 0, 1, 0, 0, 0, 1, 0, 1], [0, 0, 0, 0, 0, 0, 0, 1, 0, 1, 0, 0, 0, 1, 0], [0, 0, 0, 0, 0, 0, 0, 0, 1, 0, 1, 0, 0, 0, 1], [0, 0, 0, 0, 0, 0, 0, 0, 0, 1, 0, 1, 0, 0, 0], [0, 0, 0, 0, 0, 0, 0, 0, 0, 0, 0, 0, 1, 0, 0]], "physical_distances": [[0.0, 48.48542105993085, 51.88768559502477, 99.6897806765028, 100.49454210340434, 148.28751119643084, 150.41813968527507, 199.8635664267383, 200.98394100554282, 248.98497024248994, 249.35326552729822, 297.80775277504614, 299.65234177978107, 349.336511034555, 350.4124062390045], [48.48542105993085, 0.0, 86.43979989729702, 51.20859167169063, 131.04181286886524, 99.80682537684763, 178.5372603476272, 151.38408343300517, 228.07359383688797, 200.5075736705981, 275.8183895391133, 249.3330609581644, 325.66248491238184, 300.86232160386135, 376.08111823827306], [51.88768559502477, 86.43979989729702, 0.0, 133.07701387752562, 48.607100424300185, 179.62011708109316, 98.53527853390393, 229.990382843578, 149.0984379186213, 278.43396316966096, 197.46668896899814, 326.8293470935099, 247.7652616907519, 377.96499668681776, 298.5250932415374], [99.6897806765028, 51.20859167169063, 133.07701387752562, 0.0, 172.9493330393316, 48.598336699898134, 216.7909820722377, 100.17549966815034, 264.06406438018894, 149.29909831901827, 310.2757260349318, 198.1251384713093, 358.9325695388849, 249.6544287828512, 408.42926592529767], [100.49454210340434, 131.04181286886524, 48.607100424300185, 172.9493330393316, 0.0, 216.39767141975048, 49.94984696860711, 264.5486879349647, 100.49951297023485, 311.53270434614615, 148.86404400742347, 358.8793695642079, 199.1610188161423, 409.1171576260782, 249.92009749877383], [148.28751119643084, 99.80682537684763, 179.62011708109316, 48.598336699898134, 216.39767141975048, 0.0, 257.224091126761, 51.5773895454694, 302.22670935905376, 100.70179056433851, 346.73749180784216, 149.52918815126765, 393.9873062420256, 201.0583285358379, 442.3391573554627], [150.41813968527507, 178.5372603476272, 98.53527853390393, 216.7909820722377, 49.94984696860711, 257.224091126761, 0.0, 302.8679753659938, 50.56874324892712, 348.0236791922004, 98.940288115543, 393.9572894421028, 149.2408681857251, 442.9549266895221, 200.00175615750345], [199.8635664267383, 151.38408343300517, 229.990382843578, 100.17549966815034, 264.5486879349647, 51.5773895454694, 302.8679753659938, 0.0, 345.7168464433302, 49.125112187319445, 388.4750479661649, 97.95381212915939, 434.1866604609432, 149.4823752534393, 481.2295743281454], [200.98394100554282, 228.07359383688797, 149.0984379186213, 264.06406438018894, 100.49951297023485, 302.22670935905376, 50.56874324892712, 345.7168464433302, 0.0, 389.14513731488563, 48.3715690483009, 433.64950403117325, 98.67215399309168, 481.3420457220044, 149.43303145341665], [248.98497024248994, 200.5075736705981, 278.43396316966096, 149.29909831901827, 311.53270434614615, 100.70179056433851, 348.0236791922004, 49.125112187319445, 389.14513731488563, 0.0, 430.4011189519712, 48.82926913054105, 474.72576603254663, 100.3573103144928, 520.5399449934217], [249.35326552729822, 275.8183895391133, 197.46668896899814, 310.2757260349318, 148.86404400742347, 346.73749180784216, 98.940288115543, 388.4750479661649, 48.3715690483009, 430.4011189519712, 0.0, 473.5975540431966, 50.30058525047738, 520.0539819256388, 101.06146835424838], [297.80775277504614, 249.3330609581644, 326.8293470935099, 198.1251384713093, 358.8793695642079, 149.52918815126765, 393.9572894421028, 97.95381212915939, 433.64950403117325, 48.82926913054105, 473.5975540431966, 0.0, 516.6642469074565, 51.52929031155656, 561.3256250885112], [299.65234177978107, 325.66248491238184, 247.7652616907519, 358.9325695388849, 199.1610188161423, 393.9873062420256, 149.2408681857251, 434.1866604609432, 98.67215399309168, 474.72576603254663, 50.30058525047738, 516.6642469074565, 0.0, 561.895536011082, 50.760893047196326], [349.336511034555, 300.86232160386135, 377.96499668681776, 249.6544287828512, 409.1171576260782, 201.0583285358379, 442.9549266895221, 149.4823752534393, 481.3420457220044, 100.3573103144928, 520.0539819256388, 51.52929031155656, 561.895536011082, 0.0, 605.4042085429845], [350.4124062390045, 376.08111823827306, 298.5250932415374, 408.42926592529767, 249.92009749877383, 442.3391573554627, 200.00175615750345, 481.2295743281454, 149.43303145341665, 520.5399449934217, 101.06146835424838, 561.3256250885112, 50.760893047196326, 605.4042085429845, 0.0]], "communication_quality": [[99999.99999999999, 0.03719919268058249, 0.03622515516776081, 0.023722192860061303, 0.020556764969431245, 0.015485253959125412, 0.015114361347491553, 0.01205601641255955, 0.011919789805154155, 0.009626042636788928, 0.009382816391281384, 0.008007795909774535, 0.007935739137361921, 0.006740890153753206, 0.006681125386960079], [0.040792598311458414, 99999.99999999999, 0.022548601423197256, 0.03477905220323032, 0.016626539707849063, 0.021144876159392468, 0.012313610572594235, 0.015518633253743806, 0.010189136601544612, 0.011976135056833785, 0.008791178248358471, 0.009560745972824207, 0.00740078861090568, 0.007755867547131449, 0.006493586154122487], [0.038925776006578955, 0.027016459274243867, 99999.99999999999, 0.01735548808955649, 0.03364621522916413, 0.012176316776632943, 0.020660305948967384, 0.010405732632118605, 0.015324845523668374, 0.008257926755559954, 0.011343044931265079, 0.007126478979758619, 0.009772328618573255, 0.006474757354148267, 0.00781582711845696], [0.022340441958932998, 0.037385008921182586, 0.01799607716302767, 99999.99999999999, 0.013549806065546914, 0.04027872258274636, 0.010732309605234233, 0.021760832695205568, 0.00903827091684545, 0.015088466286359539, 0.007548351113287441, 0.011608607291243555, 0.006647226008979463, 0.00943956712544365, 0.006011421293429828], [0.02036452746586807, 0.016924544496365476, 0.040480968381806905, 0.012736125239298153, 99999.99999999999, 0.01049167872578853, 0.040641049787250784, 0.00869463489769518, 0.020236226711257865, 0.007728884081514309, 0.01613744276956396, 0.006830473561029853, 0.011801909240017807, 0.005891451775529898, 0.009473204159876828], [0.01567209989794739, 0.021886988200161654, 0.013429538897041512, 0.035775980626883024, 0.010791035850352425, 99999.99999999999, 0.00902709587793016, 0.0384442161257045, 0.007664672617204034, 0.023338170077615877, 0.006931854165827299, 0.015909546322639315, 0.006066387070221292, 0.011043791840695467, 0.0055309713027022625], [0.015943737400299893, 0.013472434848468582, 0.021914261505165837, 0.01106574636448976, 0.04447933598363661, 0.009266758403130229, 99999.99999999999, 0.007657893061074017, 0.043946869298359295, 0.006805268168880928, 0.02053233778019929, 0.00598780495690662, 0.015294185410028327, 0.005445533945434794, 0.01128559455109329], [0.011754785071366815, 0.015140134545562067, 0.00997578531156747, 0.023458675044676428, 0.009096379195755507, 0.04288552155978061, 0.008077721736235863, 99999.99999999999, 0.007020496692286491, 0.0353637689165772, 0.006141982242522972, 0.02116092781034429, 0.005558522114764796, 0.01589680487621994, 0.005135349092707785], [0.011319954096565516, 0.010560547004505566, 0.015172353790317963, 0.00914003096874584, 0.022619127031669163, 0.008051875508879593, 0.033161264154757585, 0.006829718499748316, 99999.99999999999, 0.00628431195576567, 0.03439793467722719, 0.0054620410545024485, 0.021542733873414047, 0.005017513869631471, 0.015394590490453212], [0.009541444507319505, 0.011476969828610224, 0.008475090434016978, 0.01498541992270951, 0.007630454578675635, 0.021839047793744317, 0.007040244167069514, 0.04013410118080167, 0.006090459203072147, 99999.99999999999, 0.005513276072630639, 0.03413845861152919, 0.005140852989974674, 0.021313378957999098, 0.004658355302658206], [0.009345094487055035, 0.008848468848212294, 0.011462841555836, 0.007710092448019206, 0.014782143972312306, 0.0070861588589618005, 0.02311923832466729, 0.006145278049937815, 0.040228582753446825, 0.00572215648927406, 99999.99999999999, 0.00514585036191105, 0.03743046109238489, 0.0046714546590335485, 0.02286241134931744], [0.007955860219446376, 0.009299862867012856, 0.007434306027751223, 0.011559089320690087, 0.006844456789138969, 0.015417113726491464, 0.0061685271388806345, 0.021068506580528775, 0.005511968444438693, 0.03654974728376939, 0.005203442650576464, 99999.99999999999, 0.004781124891516325, 0.03247953018401512, 0.004401390211314171], [0.007866265564213014, 0.007193663586977426, 0.009492932919088837, 0.006648060210269528, 0.011474647243223465, 0.006151650044004888, 0.014791185095824937, 0.005484843059168443, 0.02289963526804099, 0.005196541307335309, 0.0425176473618936, 0.004687111556913933, 99999.99999999999, 0.0043831954926719565, 0.04402629965536853], [0.006722489296835752, 0.007987378027408584, 0.006229714311161043, 0.009321823844297738, 0.005789058870468998, 0.011340236027630754, 0.005444464746704889, 0.01440757696286081, 0.005006343745845604, 0.021006839645711223, 0.004655027662996451, 0.03364916373576981, 0.004361450491185063, 99999.99999999999, 0.0039844228035304605], [0.006667702244324524, 0.006490357981612799, 0.008125912527229981, 0.0057608377888645505, 0.009516044659500808, 0.005575412443133922, 0.011101382352772244, 0.004968143048826893, 0.015486189379078284, 0.004739982931045039, 0.01992409882900757, 0.0043385488431612156, 0.03324569654933403, 0.003987416256824148, 99999.99999999999]], "binary_threshold": 0.02}, "global_features": {"formation_type": "v_shape_to_circle", "cluster_centroid": [407.0641661796954, 500.15250648848433], "cluster_radius": 176.39137620410713, "velocity_coherence": 0.300615894356038, "connectivity_density": 0.3466666666666667}}
{"metadata": {"episode_id": 8, "frame_id": 1, "timestamp": 0.1, "transformation_progress": 0.0125, "start_formation": "v_shape", "target_formation": "circle", "current_formation": "v_shape_to_circle"}, "node_features": {"positions": [[503.19404062931585, 499.66415059124154], [476.86805239776817, 459.35323563765877], [476.5750630778802, 545.0371332913174], [451.35245574018023, 416.0922519640135], [453.08490526796317, 587.4813771401775], [425.5205108090952, 373.7534798697147], [424.1868628700523, 627.7858444083048], [399.8247937754758, 329.7651859198847], [399.8921070799151, 670.2971723657542], [375.8909258528714, 287.55420071695755], [375.81715461667386, 712.8684640529119], [353.1560980310113, 244.41139445557454], [352.03143384350466, 755.6951436532053], [327.3404725868156, 198.90835177219682], [326.8920897921816, 800.6675579969025]], "velocities": [[22.19040629315804, 3.136696440799034], [10.677380340143163, 14.403132391732768], [14.332969490817192, 6.8691963201682835], [13.294661275951533, 24.269214736841704], [19.56985753599438, 8.702432065099085], [0.8149236912874072, 20.09822668753512], [-4.645277711005235, -11.806980467464431], [2.8715626971198827, 26.236091415497896], [3.544695741512514, -25.612508559109372], [7.030752271028421, 30.783540544373054], [2.433508978566863, -20.083285139115056], [18.816864222119378, 25.08367269857813], [13.840005407934004, -28.717500169530076], [17.490040398756733, 16.78070144526609], [14.382386119358713, -19.66916532516573]], "speeds": [22.411001673667986, 17.929212855612413, 15.89402002357207, 27.67205815231711, 21.41755466496539, 20.11474127614299, 12.687923107090798, 26.39277107629763, 25.856632854846893, 31.576222794115687, 20.23018309180036, 31.357056864493362, 31.878528285957657, 24.23826425603323, 24.36655689823706], "headings": [0.14042338945825625, 0.9328713513112264, 0.4469170867073232, 1.0696442056848379, 0.41842561313909693, 1.530271481059716, -1.94563032005842, 1.461779409883791, -1.4332728618895452, 1.3462545153163872, -1.4502133198914242, 0.9271903689219025, -1.1217038353589974, 0.7647030268128331, -0.9394264990524946]}, "edge_features": {"distance_matrix": [[0.0, 27.11131664227853, 29.516549791620083, 43.618280332455626, 43.306692004348555, 65.03938834374715, 69.25456382125437, 83.67004333112533, 88.34910733585377, 104.63976663147031, 108.70039377067512, 127.6023877124445, 128.89226363063074, 146.9532490780066, 147.21872292017895], [29.381081339065485, 0.0, 39.950014699717904, 30.006236152237587, 56.48583817504506, 42.626540542689824, 79.16522103031471, 67.45755379412687, 96.69975162275846, 88.78882731314131, 113.91956344984756, 103.40442335050271, 131.57321602213148, 126.54684593141114, 159.24547464039], [29.19416720664254, 41.821338040993034, 0.0, 62.59535265097066, 27.613254143294338, 81.5231359683869, 43.90710863082185, 94.99590398569308, 67.20485918692863, 120.70026649496977, 80.82510027987657, 132.42980321203055, 100.46814281230989, 155.85669816644858, 123.59978504054429], [42.73826198848994, 28.57907018111616, 60.00485179259482, 0.0, 74.89946560791326, 29.59632986610136, 88.15017533327587, 45.00512424240967, 113.7624357495247, 63.443835619361856, 132.53561062548349, 84.61514838378858, 149.0622905104415, 105.886492947595, 168.98046300008275], [50.071312634506, 62.23208633317494, 29.38049759039595, 75.22053659983749, 0.0, 96.42675269763627, 22.733283570680186, 113.59437510750325, 47.882167808771996, 126.33349853771223, 65.63442193523278, 145.9352934142271, 82.83590307689147, 168.67730123716754, 103.19564746474275], [61.69692512598738, 49.46405355251944, 75.9259584215083, 23.178872624621228, 95.45050225247238, 0.0, 106.05522831442372, 23.166663862737458, 124.38463792699895, 47.82770548277945, 140.2823482717468, 65.89986373749376, 159.87754270078563, 83.43299223937055, 185.09797465097614], [62.76259774759567, 78.7709678780475, 44.877035964089615, 92.88592974650787, 28.31826589090265, 107.30295978594985, 0.0, 124.31725110263591, 26.957681697127878, 140.38717136380703, 45.94515424169449, 162.65382164401544, 64.85559866655274, 180.279470222288, 84.88945863962127], [86.84572430548175, 68.75891571899253, 95.19319182355645, 43.37849294508338, 112.35523954584929, 26.320432747541208, 129.39213598129743, 0.0, 142.88450490797484, 28.78578783084834, 156.48653902147095, 46.13308322586374, 173.7607617292058, 69.97205288777586, 195.4727789695245], [89.01047209797024, 99.40760868065242, 62.721162832959195, 113.62901839313255, 46.729997247375984, 123.48763531716777, 26.461360626149073, 146.3435929492705, 0.0, 163.70591302360705, 28.86373223468866, 175.24656056673697, 43.023822237877624, 192.94472397424462, 62.338183444911486], [108.78552063730059, 82.10031495859164, 116.38520792401727, 63.31240850621682, 130.9127408130599, 48.572960214654856, 145.04278373727715, 27.359212721968493, 162.7018847394722, 0.0, 175.54713672680901, 23.110619740872686, 192.46927733985066, 45.176648282541166, 214.52117492371676], [106.42399910534324, 112.05573801753332, 81.68774465398943, 131.64542285124404, 64.92128788420783, 146.09466326496607, 46.991479727453914, 157.18866135758645, 29.334011430628106, 177.2327509519081, 0.0, 197.00879465648777, 26.4160247367683, 210.85197998434205, 43.12910688319057], [126.93227891810531, 106.80078829277441, 135.94959275664803, 87.88524462420334, 148.88860583439669, 68.10144002831649, 162.45212999651966, 46.044525236017336, 175.29662205242542, 22.469987463321953, 194.83605446638774, 0.0, 214.76643106872902, 28.28886738197025, 226.7762831909271], [127.4112744881016, 134.2375943341268, 104.58712890865573, 144.79780107119797, 81.09591565017436, 158.3751128124745, 62.15186999395362, 174.23988313016022, 43.81155411893786, 192.20013943262035, 22.350093050193202, 211.57820464593576, 0.0, 231.88206890080778, 27.32564973733414], [142.7921057095261, 123.68002412188991, 160.80033671525837, 109.76191477356353, 169.5968970307403, 86.09026062476073, 179.53080432635912, 68.23090611282518, 196.02924047450756, 47.521418604019914, 215.64146576776645, 28.704116186336694, 226.39994726041505, 0.0, 248.0267741478356], [144.19716596705692, 152.7548244198044, 127.13425491204562, 171.7382418776636, 102.06669281444951, 183.12759367328908, 85.70101808535844, 196.34950814148561, 62.72982609785926, 213.99267497298, 43.26249747585011, 229.57732350373198, 24.655394641608094, 250.43400803870685, 0.0]], "adjacency_matrix": [[0, 1, 1, 1, 1, 0, 0, 0, 0, 0, 0, 0, 0, 0, 0], [1, 0, 1, 1, 0, 1, 0, 0, 0, 0, 0, 0, 0, 0, 0], [1, 1, 0, 0, 1, 0, 1, 0, 0, 0, 0, 0, 0, 0, 0], [1, 1, 0, 0, 0, 1, 0, 1, 0, 0, 0, 0, 0, 0, 0], [0, 0, 1, 0, 0, 0, 1, 0, 1, 0, 0, 0, 0, 0, 0], [0, 1, 0, 1, 0, 0, 0, 1, 0, 1, 0, 0, 0, 0, 0], [0, 0, 1, 0, 1, 0, 0, 0, 1, 0, 1, 0, 0, 0, 0], [0, 0, 0, 1, 0, 1, 0, 0, 0, 1, 0, 1, 0, 0, 0], [0, 0, 0, 0, 1, 0, 1, 0, 0, 0, 1, 0, 1, 0, 0], [0, 0, 0, 0, 0, 1, 0, 1, 0, 0, 0, 1, 0, 1, 0], [0, 0, 0, 0, 0, 0, 1, 0, 1, 0, 0, 0, 1, 0, 1], [0, 0, 0, 0, 0, 0, 0, 1, 0, 1, 0, 0, 0, 1, 0], [0, 0, 0, 0, 0, 0, 0, 0, 1, 0, 1, 0, 0, 0, 1], [0, 0, 0, 0, 0, 0, 0, 0, 0, 1, 0, 1, 0, 0, 0], [0, 0, 0, 0, 0, 0, 0, 0, 0, 0, 1, 0, 1, 0, 0]], "physical_distances": [[0.0, 48.145898275580755, 52.604919208998155, 98.34537184828342, 101.10781733085487, 147.94145543517365, 150.52342862171713, 198.8739786687265, 199.46658265219799, 247.37969574614615, 248.35649854380657, 296.08335605701717, 297.324743502079, 348.3942133798435, 348.8343864053508], [48.145898275580755, 0.0, 85.68439857911254, 50.225077214516226, 130.31676305175563, 99.81927777104069, 176.47903962607182, 150.76049326265058, 224.54986216857017, 199.27691407924902, 272.91254090056606, 248.00129585142665, 321.56291418376793, 300.31655741203275, 372.8112873921899], [52.604919208998155, 85.68439857911254, 0.0, 131.38859288927748, 48.51083744727876, 178.7306835348028, 97.93810653947769, 228.54455837556165, 146.86848923276662, 276.46836357138005, 195.75370163213915, 324.9739617012055, 244.72007051424868, 376.9298295372056, 296.2294828790763], [98.34537184828342, 50.225077214516226, 131.38859288927748, 0.0, 171.39788099628637, 49.59698580937742, 213.4294883982887, 100.53587558347628, 259.36134839387967, 149.0519141484737, 306.2379822583306, 197.77978031684628, 353.82875721775474, 250.0956186504661, 404.2134939635241], [101.10781733085487, 130.31676305175563, 48.51083744727876, 171.39788099628637, 0.0, 215.49805083465975, 49.59381953629902, 263.16206925255534, 98.42728137015197, 309.70182694834546, 147.28281249070247, 357.3272723079134, 196.2337262843298, 408.4123631746828, 247.73569461420146], [147.94145543517365, 99.81927777104069, 178.7306835348028, 49.59698580937742, 215.49805083465975, 0.0, 254.0358652826259, 50.94349692049503, 297.6490830439286, 99.46562938715053, 342.7380867577469, 148.2092550956101, 388.9473987147304, 200.52465864517936, 438.1588702006113], [150.52342862171713, 176.47903962607182, 97.93810653947769, 213.4294883982887, 49.59381953629902, 254.0358652826259, 0.0, 299.0147543122922, 48.963743357797206, 343.64235609319667, 97.87073537123257, 389.89913879127465, 146.85773650484558, 439.6761615106371, 198.3793330002001], [198.8739786687265, 150.76049326265058, 228.54455837556165, 100.53587558347628, 263.16206925255534, 50.94349692049503, 299.0147543122922, 0.0, 340.5319930988142, 48.524192992139554, 383.8547752135576, 97.27916981462344, 428.60300296229286, 149.59106878866913, 476.51676081547953], [199.46658265219799, 224.54986216857017, 146.86848923276662, 259.36134839387967, 98.42728137015197, 297.6490830439286, 48.963743357797206, 340.5319930988142, 0.0, 383.49477055997124, 48.90724089560138, 428.44247031308436, 97.89513543917676, 476.93936705644813, 149.4170002831796], [247.37969574614615, 199.27691407924902, 276.46836357138005, 149.0519141484737, 309.70182694834546, 99.46562938715053, 343.64235609319667, 48.524192992139554, 383.49477055997124, 0.0, 425.31426973380616, 48.7665267186095, 468.7485656641353, 101.0704360704791, 515.4475757576116], [248.35649854380657, 272.91254090056606, 195.75370163213915, 306.2379822583306, 147.28281249070247, 342.7380867577469, 97.87073537123257, 383.8547752135576, 48.90724089560138, 425.31426973380616, 0.0, 469.0048502321732, 48.98862111026759, 516.2412088512783, 100.5104117266786], [296.08335605701717, 248.00129585142665, 324.9739617012055, 197.77978031684628, 357.3272723079134, 148.2092550956101, 389.89913879127465, 97.27916981462344, 428.44247031308436, 48.7665267186095, 469.0048502321732, 0.0, 511.284986150699, 52.31609131539069, 556.8758547526422], [297.324743502079, 321.56291418376793, 244.72007051424868, 353.82875721775474, 196.2337262843298, 388.9473987147304, 146.85773650484558, 428.60300296229286, 97.89513543917676, 468.7485656641353, 48.98862111026759, 511.284986150699, 0.0, 557.333988897972, 51.52188536177587], [348.3942133798435, 300.31655741203275, 376.9298295372056, 250.0956186504661, 408.4123631746828, 200.52465864517936, 439.6761615106371, 149.59106878866913, 476.93936705644813, 101.0704360704791, 516.2412088512783, 52.31609131539069, 557.333988897972, 0.0, 601.759373274167], [348.8343864053508, 372.8112873921899, 296.2294828790763, 404.2134939635241, 247.73569461420146, 438.1588702006113, 198.3793330002001, 476.51676081547953, 149.4170002831796, 515.4475757576116, 100.5104117266786, 556.8758547526422, 51.52188536177587, 601.759373274167, 0.0]], "communication_quality": [[99999.99999999999, 0.03688495266921237, 0.03387928698533173, 0.022926162221812645, 0.023091114162874536, 0.015375295981595429, 0.014439479514825894, 0.011951707453113325, 0.011318732208705166, 0.009556595323419783, 0.009199597842430251, 0.007836843334664662, 0.007758416946431721, 0.006804884806734188, 0.006792613821382321], [0.03403549543002805, 99999.99999999999, 0.02503127363540932, 0.033326394608858105, 0.0177035493368371, 0.023459557183697414, 0.012631808017045644, 0.014824134518879024, 0.010341287126447768, 0.01126267704658853, 0.00877812275552668, 0.00967076524282446, 0.007600330479331664, 0.007902211340137945, 0.0062796129024205085], [0.03425340583917776, 0.02391123306259296, 99999.99999999999, 0.015975624353771405, 0.03621447992568608, 0.012266454981849948, 0.022775350129626167, 0.010526768552914872, 0.01487987421296105, 0.008284985163573138, 0.012372392645518914, 0.007551169753588048, 0.009953402864568986, 0.006416149883853834, 0.008090628302999784], [0.023398231923586314, 0.03499062928766887, 0.016665316278145475, 99999.99999999999, 0.013351228321475034, 0.03378796177244085, 0.011344275638437136, 0.022219687083116627, 0.008790247022305936, 0.01576197013654574, 0.007545141413913019, 0.01181821341590244, 0.006708604365930553, 0.009444074288626914, 0.005917843536865412], [0.019971511583575845, 0.01606887858391034, 0.03403617166664898, 0.01329424000758538, 99999.99999999999, 0.010370564893230757, 0.04398834673431263, 0.008803252018606569, 0.020884597271112432, 0.007915556304695573, 0.015235905461736718, 0.006852351532525138, 0.012072058638042194, 0.005928479607989228, 0.009690330238379017], [0.01620826055553592, 0.02021669729860003, 0.013170724335690134, 0.043142718145428346, 0.010476633141108133, 99999.99999999999, 0.009429048634403928, 0.043165454217769884, 0.008039577364779756, 0.020908378957804365, 0.007128480104838688, 0.015174535902502792, 0.006254786760912723, 0.011985664822787808, 0.005402543965487343], [0.015933053706461205, 0.012695030923041107, 0.022283106619811716, 0.010765892047053287, 0.035312884296082925, 0.009319406555054538, 99999.99999999999, 0.008043935259918599, 0.0370951642015604, 0.007123157472679398, 0.021765076183850405, 0.0061480260863980285, 0.015418866934722313, 0.00554694299521488, 0.011780024260079541], [0.011514670328913085, 0.014543566374013038, 0.010504951833152235, 0.023052893302149845, 0.008900340696514814, 0.03799328186048153, 0.0077284443535277775, 99999.99999999999, 0.006998659026445607, 0.034739353269838805, 0.0063903255982902, 0.021676413395999353, 0.005755038896572301, 0.014291418013555525, 0.0051158015664057805], [0.01123463188188713, 0.010059591138708454, 0.015943579413976016, 0.008800568077905323, 0.021399525891495613, 0.008097976096568874, 0.03779093736783997, 0.006833233430412715, 99999.99999999999, 0.006108514472355383, 0.03464554221240906, 0.005706245758567825, 0.02324293183533783, 0.005182831266768264, 0.016041529995310243], [0.009192398972011063, 0.01218021975557786, 0.008592156442520522, 0.015794689629520426, 0.0076386753298612955, 0.020587581850168426, 0.006894516950710058, 0.03655074598289063, 0.006146209923377097, 99999.99999999999, 0.0056964753836542025, 0.04327013202203805, 0.005195634138938024, 0.022135324701217596, 0.004661544268253029], [0.009396375953194503, 0.00892412944174475, 0.012241736894786377, 0.007596161737946309, 0.015403265686147827, 0.006844876528703685, 0.021280448987676344, 0.006361781617996586, 0.03409010940981602, 0.005642297702913678, 99999.99999999999, 0.005075915270607519, 0.03785579516247784, 0.004742663325464751, 0.023186192351407654], [0.007878216082947847, 0.009363225893299852, 0.007355666951009898, 0.011378473035960266, 0.006716430228032096, 0.01468397515154525, 0.006155659137647702, 0.021718103893853005, 0.005704616160000913, 0.04450378784565116, 0.005132520012343585, 99999.99999999999, 0.004656220939471556, 0.035349582328683855, 0.004409632003103965], [0.007848598371939228, 0.007449477402106565, 0.009561405067915469, 0.006906181748205392, 0.012331075722764746, 0.006314122964779381, 0.0160896178860122, 0.005739213804802914, 0.022825023943113292, 0.005202909586449464, 0.044742523010038455, 0.004726384527222917, 99999.99999999999, 0.0043125368063815315, 0.03659563976176331], [0.007003187781279487, 0.008085379399349727, 0.006218892063527558, 0.009110627406206462, 0.005896333945634662, 0.011615714444186988, 0.005570074439600967, 0.014656112756077045, 0.005101279516089585, 0.021043138419357375, 0.004637326824255937, 0.034838196902715855, 0.004416961964572089, 99999.99999999999, 0.004031822625269185], [0.006934948575057105, 0.006546437654809514, 0.007865700098174342, 0.005822814597602532, 0.00979751449224272, 0.00546067321332977, 0.011668471456421706, 0.005092958767942682, 0.015941377535882425, 0.004673056932419283, 0.023114702737889556, 0.004355830711762074, 0.04055905853244099, 0.003993067746273355, 99999.99999999999]], "binary_threshold": 0.02}, "global_features": {"formation_type": "v_shape_to_circle", "cluster_centroid": [408.10846442471365, 500.6223295890544], "cluster_radius": 174.8922652570556, "velocity_coherence": 0.46293821305103766, "connectivity_density": 0.2577777777777778}}
