{"metadata": {"episode_id": 7, "frame_id": 0, "timestamp": 0.0, "transformation_progress": 0.0, "start_formation": "line", "target_formation": "bee_swarm", "current_formation": "line_to_bee_swarm"}, "node_features": {"positions": [[499.4534657646686, 500.32260338086513], [560.9238622518867, 500.3827251488195], [619.0060258051504, 499.8903856762405], [679.12766643277, 500.48891118568076], [739.0335346170392, 499.74320306945276], [799.0218013991102, 499.7923283909213], [859.0086479601815, 499.8687706848768], [919.0002279500548, 500.0213506006516], [979.0005099291417, 499.96806885132514], [1039.0047561687086, 500.0974151747735], [1099.0008738763502, 500.0417969979843], [1159.0000002633699, 499.9992742315167], [1219.0058185017815, 499.89228208784107], [1279.0002106524419, 499.97947536822846], [1338.6056329703604, 500.1059915579922]], "velocities": [[-5.465342353314016, 3.226033808651098], [9.238622518866618, 3.827251488194974], [-9.939741948495207, -1.0961432375947502], [-8.723335672300003, 4.889111856807765], [-9.6646538296077, -2.5679693054725687], [-9.78198600889743, -2.076716090787315], [-9.913520398184978, -1.3122931512319798], [-9.997720499452942, 0.21350600651602944], [-9.994900708582866, -0.3193114867487813], [-9.952438312915307, 0.9741517477351784], [-9.991261236498119, 0.417969979843203], [-9.999997366300198, -0.007257684832525259], [-9.941814982185718, -1.0771791215891515], [-9.997893475580963, -0.20524631771517365], [-13.943670296396562, 1.0599155799216766]], "speeds": [6.3464368880095146, 10.000000000000002, 10.0, 10.0, 10.000000000000002, 10.0, 10.0, 10.0, 10.0, 10.0, 10.000000000000002, 10.000000000000002, 10.0, 10.0, 13.983896537488128], "headings": [2.608357446921301, 0.3927442356858805, -3.031757626252991, 2.6307515006750193, -2.88188612753365, -2.932398582258601, -3.0099837363973525, 3.12024043050006, -3.1096560762665293, 3.044022743395118, 3.0997834762120373, -3.1408668850428256, -3.03366533502251, -3.121066580508895, 3.0657244526332947]}, "edge_features": {"distance_matrix": [[0.0, 29.467352023218506, 55.15182180850468, 77.80701133358382, 102.01284013129666, 127.90177500170807, 148.4786820356299, 174.02338727240036, 195.72627114326008, 218.67570415873752, 247.1254695688458, 271.7183254921473, 292.23147404527725, 314.1547105165595, 339.88309543889176], [29.16381410095845, 0.0, 32.15292045596996, 49.974344712788906, 79.49263841898667, 103.37650686867339, 122.46909425699342, 151.2445293373012, 171.51715824603912, 198.9848025213519, 218.0649802247199, 244.2763217576935, 270.17246866794596, 294.2339570015779, 318.87834408938187], [53.30901379021114, 26.573085231879787, 0.0, 31.763533860221123, 55.003142442983496, 75.87497781002905, 100.974924230549, 128.62199884106636, 152.57077379069923, 170.428293067382, 194.7888247871324, 224.03301838487621, 250.0015969484492, 270.3509245539233, 291.803704158957], [82.01178832997985, 57.00607260304183, 31.056552515822776, 0.0, 32.09330437835059, 52.15563685644718, 79.82107465588336, 105.43648426301385, 124.44183654849255, 149.0727693285684, 177.04572056850014, 201.8552317047771, 223.77176178407186, 247.09618306729567, 267.98622857769396], [105.02801273667937, 80.95420841043946, 57.79435434397643, 33.81514688194068, 0.0, 27.25945162094762, 54.85149874010839, 77.49079348543552, 103.20024721412635, 122.74848033384352, 148.63840397259418, 172.62375349309352, 196.77335425300478, 219.7745942840192, 248.90403499896675], [124.01415360997593, 103.64268875317255, 80.88340816599846, 57.25185495217158, 30.05012991273735, 0.0, 28.740228867598226, 51.47212200000113, 74.89035295501435, 104.23651123585324, 130.04599562489287, 149.32104260219074, 176.44384124042867, 199.75812736934262, 218.44014730411558], [150.61809867707674, 129.29128794229135, 103.46745014902778, 76.71350443520758, 51.802023221739034, 31.314570408038367, 0.0, 32.4850744945985, 57.319201011762395, 77.98997081851589, 101.89626919041055, 129.21939238334917, 148.93650250348188, 177.79083896050338, 194.29233661873366], [176.41834851491225, 151.45461191259548, 123.2840324321767, 100.10795153585569, 78.32239722728346, 58.28207840269293, 30.41869662998526, 0.0, 29.189580921748032, 56.1543702386283, 81.10060706837223, 100.08767688275576, 122.29298991586431, 153.31563457643068, 174.8419948443952], [198.99022856882812, 170.58368795363378, 151.1177511926634, 124.26824127425279, 102.75938275034488, 76.0524468834914, 57.2281279177337, 33.39177589204716, 0.0, 31.47623576756308, 53.68537103840509, 78.25108990266817, 104.6636554231397, 128.49722611800004, 146.37079746726403], [226.0425070734536, 197.81710729146764, 175.7919245916811, 154.36871249933094, 128.40536328367, 102.20343058631533, 77.7531597598099, 52.67355415690604, 30.670420622065507, 0.0, 27.364664925189775, 51.880641355030036, 79.10116016580876, 102.70554066182927, 130.02926325284233], [250.19934099399802, 218.38634386314064, 199.4678463947064, 170.42988610765423, 149.25605402943125, 129.7783200431016, 103.02527119020881, 76.18082359910359, 54.58349636591936, 30.92613894436807, 0.0, 31.00053102429206, 50.27616467251469, 76.70900394119941, 102.33567975868954], [272.83115641877396, 248.88244408900712, 221.7082347048084, 195.3723713099053, 171.9254866406699, 152.2172412388534, 124.50831355103308, 102.58910673027664, 74.48191494281724, 56.45621514767496, 26.243701648049402, 0.0, 28.181180014000514, 56.51437212897313, 81.36961306695649], [295.2578379604186, 268.16004655666, 242.80392849094602, 221.51199026565482, 195.40730148816075, 177.55706657163685, 151.29536520167846, 124.24578349869293, 101.63877216873604, 82.04543175748718, 57.723161072500304, 28.604687629113478, 0.0, 27.326831576185686, 52.108244963638576], [315.73076012182327, 294.4351128898373, 270.5753067286218, 247.6109425088228, 224.0809424028848, 201.32101688319477, 172.19762446003912, 146.57660820278076, 125.56026008567277, 103.86061527530342, 80.99888951828754, 53.16156703759108, 28.748590669155384, 0.0, 31.318278860920827], [341.6236905917629, 317.19590976338174, 292.04139485297577, 267.97988975681, 245.63964942911278, 224.72012581980204, 201.13351613701937, 176.45292651840836, 148.91873416693397, 129.02174587716272, 101.6924644095768, 77.39223013689421, 52.35957823018144, 26.523243079195076, 0.0]], "adjacency_matrix": [[0, 1, 0, 0, 0, 0, 0, 0, 0, 0, 0, 0, 0, 0, 0], [1, 0, 1, 1, 0, 0, 0, 0, 0, 0, 0, 0, 0, 0, 0], [0, 1, 0, 1, 0, 0, 0, 0, 0, 0, 0, 0, 0, 0, 0], [0, 0, 1, 0, 1, 0, 0, 0, 0, 0, 0, 0, 0, 0, 0], [0, 0, 0, 1, 0, 1, 0, 0, 0, 0, 0, 0, 0, 0, 0], [0, 0, 0, 0, 1, 0, 1, 0, 0, 0, 0, 0, 0, 0, 0], [0, 0, 0, 0, 0, 1, 0, 1, 0, 0, 0, 0, 0, 0, 0], [0, 0, 0, 0, 0, 0, 1, 0, 1, 0, 0, 0, 0, 0, 0], [0, 0, 0, 0, 0, 0, 0, 1, 0, 1, 0, 0, 0, 0, 0], [0, 0, 0, 0, 0, 0, 0, 0, 1, 0, 1, 0, 0, 0, 0], [0, 0, 0, 0, 0, 0, 0, 0, 0, 1, 0, 1, 0, 0, 0], [0, 0, 0, 0, 0, 0, 0, 0, 0, 0, 1, 0, 1, 0, 0], [0, 0, 0, 0, 0, 0, 0, 0, 0, 0, 0, 1, 0, 1, 0], [0, 0, 0, 0, 0, 0, 0, 0, 0, 0, 0, 0, 1, 0, 1], [0, 0, 0, 0, 0, 0, 0, 0, 0, 0, 0, 0, 0, 1, 0]], "physical_distances": [[0.0, 61.47042588857491, 119.55334133505936, 179.67427763596854, 239.5807694620491, 299.56880496198943, 359.555468610567, 419.5468703416563, 479.5471752201401, 539.551337396538, 599.547473871469, 659.5466137514355, 719.5524814118354, 779.5468204039806, 839.1521951628864], [61.47042588857491, 0.0, 58.08425019903707, 118.20385187593091, 178.11082049811563, 238.09867113129107, 298.08522878524366, 358.07654804967643, 418.0768533091693, 478.0809790507135, 538.0771196313007, 598.0762609344537, 658.0821390040035, 718.0764616269364, 777.6818199555014], [119.55334133505936, 58.08425019903707, 0.0, 60.12461978708954, 120.02759905250032, 180.01580230059275, 240.00262312837015, 299.99423073180776, 359.9944925056136, 419.9987813889632, 479.9948719520683, 539.9939854367839, 599.9997926996281, 659.9941908602029, 719.5996394650435], [179.67427763596854, 118.20385187593091, 60.12461978708954, 0.0, 59.91050929098877, 119.89615851609666, 179.88205049283187, 239.87301720236115, 299.8732958156439, 359.8773026823661, 419.87344550478133, 479.8725836306692, 539.8784817417074, 599.8727605362943, 659.4780777069064], [239.5807694620491, 178.11082049811563, 120.02759905250032, 59.91050929098877, 0.0, 59.98828689681125, 119.9751790535271, 179.96690827835204, 239.96708066953488, 299.9714306820172, 359.9674631015448, 419.96654371498533, 479.97230703665537, 539.9667277280339, 599.5722081111599], [299.56880496198943, 238.09867113129107, 180.01580230059275, 119.89615851609666, 59.98828689681125, 0.0, 59.98689526693154, 119.97864513659476, 179.97879433101954, 239.9831486956798, 299.97917620876797, 359.97825834921946, 419.98402899686363, 479.9784457382954, 539.5839227383389], [359.555468610567, 298.08522878524366, 240.00262312837015, 179.88205049283187, 119.9751790535271, 59.98689526693154, 0.0, 59.99177402204452, 119.99190305559725, 179.99625342911597, 239.99228828923307, 299.99138068929807, 359.99717130936443, 419.99157728246615, 479.59704367791545], [419.5468703416563, 358.07654804967643, 299.99423073180776, 239.87301720236115, 179.96690827835204, 119.97864513659476, 59.99177402204452, 0.0, 60.000305636844516, 120.00455232532272, 180.0006470875556, 239.9997733286621, 300.00561831567643, 359.9999851378526, 419.60541355700644], [479.5471752201401, 418.0768533091693, 359.9944925056136, 299.8732958156439, 239.96708066953488, 179.97879433101954, 119.99190305559725, 60.000305636844516, 0.0, 60.00438565013367, 120.00038659646935, 179.99949303916847, 240.00532053827803, 299.9997009401481, 359.6051494906087], [539.551337396538, 478.0809790507135, 419.9987813889632, 359.8773026823661, 299.9714306820172, 239.9831486956798, 179.99625342911597, 120.00455232532272, 60.00438565013367, 0.0, 59.99614348748404, 119.99528422809827, 180.00117922007666, 239.99548346302618, 299.60087692440567], [599.547473871469, 538.0771196313007, 479.9948719520683, 419.87344550478133, 359.9674631015448, 299.97917620876797, 239.99228828923307, 180.0006470875556, 120.00038659646935, 59.99614348748404, 0.0, 59.999141455451124, 120.00503776617545, 179.99934756497984, 239.6047676934668], [659.5466137514355, 598.0762609344537, 539.9939854367839, 479.8725836306692, 419.96654371498533, 359.97825834921946, 299.99138068929807, 239.9997733286621, 179.99949303916847, 119.99528422809827, 59.999141455451124, 0.0, 60.005913623409654, 120.00021202238155, 179.6056644114159], [719.5524814118354, 658.0821390040035, 599.9997926996281, 539.8784817417074, 479.97230703665537, 419.98402899686363, 359.99717130936443, 300.00561831567643, 240.00532053827803, 180.00117922007666, 120.00503776617545, 60.005913623409654, 0.0, 59.9944555121168, 119.60000540408065], [779.5468204039806, 718.0764616269364, 659.9941908602029, 599.8727605362943, 539.9667277280339, 479.9784457382954, 419.99157728246615, 359.9999851378526, 299.9997009401481, 239.99548346302618, 179.99934756497984, 120.00021202238155, 59.9944555121168, 0.0, 59.60555658698013], [839.1521951628864, 777.6818199555014, 719.5996394650435, 659.4780777069064, 599.5722081111599, 539.5839227383389, 479.59704367791545, 419.60541355700644, 359.6051494906087, 299.60087692440567, 239.6047676934668, 179.6056644114159, 119.60000540408065, 59.60555658698013, 0.0]], "communication_quality": [[99999.99999999999, 0.033935850763025896, 0.018131764026844074, 0.01285231053522377, 0.009802686609705935, 0.007818499170958759, 0.006734973121665387, 0.005746353741357498, 0.005109175907082499, 0.004572981521277193, 0.004046527301614861, 0.0036802816349833715, 0.0034219447752763827, 0.003183144911385436, 0.0029421880169910124], [0.03428905607639897, 99999.99999999999, 0.031101364193518662, 0.020010263379030495, 0.012579779638605572, 0.009673376800558794, 0.008165324683861207, 0.00661180895774246, 0.005830320137780687, 0.005025509169915648, 0.004585788846570383, 0.004093724483270594, 0.0037013392516157973, 0.0033986558730475782, 0.0031359921022412803], [0.01875855022097825, 0.0376320481778238, 99999.99999999999, 0.031482633184779604, 0.01818077611163477, 0.013179573781332738, 0.009903447896452896, 0.007774719186944627, 0.0065543348153197355, 0.005867570010391006, 0.0051337644741949, 0.004463627560674027, 0.003999974288990078, 0.003698896035443678, 0.003426961177935044], [0.012193367544221312, 0.017541987702670875, 0.03219931373572067, 99999.99999999999, 0.031159137638790493, 0.01917337930353721, 0.012528018183555128, 0.009484382110671055, 0.008035882042382902, 0.006708132795967529, 0.00564825820305841, 0.0049540452432865105, 0.0044688389068347194, 0.004047006906851268, 0.003731534892639953], [0.009521268457154015, 0.012352660795636128, 0.017302725124689847, 0.029572537649058192, 99999.99999999999, 0.03668451027776524, 0.018231039090248074, 0.012904757145639238, 0.009689898329663436, 0.008146739705557793, 0.006727735941695255, 0.005792945187642192, 0.005081988630911614, 0.004550116257780538, 0.0040176124900025275], [0.00806359508374379, 0.009648533008403445, 0.012363473536042733, 0.017466679921001763, 0.033277715275333214, 99999.99999999999, 0.03479442201600492, 0.019427988722129832, 0.013352852897784548, 0.009593566517222176, 0.007689586429008967, 0.0066969793111767055, 0.005667525351378578, 0.005006053886811384, 0.004577912835906748], [0.0066393079078159644, 0.007734472589534571, 0.009664874334014435, 0.01303551280843224, 0.019304261586017127, 0.031934006043501155, 99999.99999999999, 0.030783358441511095, 0.017446157795067894, 0.012822159840339213, 0.009813901036870342, 0.007738775923396911, 0.006714270283296863, 0.005624586450015502, 0.005146883124338053], [0.005668344317552826, 0.006602637723245583, 0.008111349857384329, 0.00998921548953756, 0.012767738319100743, 0.017157930118952204, 0.03287450752472985, 99999.99999999999, 0.03425878775351178, 0.01780804980396, 0.01233036240842589, 0.009991238993977502, 0.008177082913069305, 0.006522491574573014, 0.005719449401703977], [0.0050253721347950095, 0.005862224890163943, 0.006617355842938128, 0.008047107686363577, 0.009731470508292234, 0.013148819130615996, 0.017473921682328974, 0.029947484786615367, 99999.99999999999, 0.03176998957831625, 0.01862704484270358, 0.012779373085411447, 0.009554414093536167, 0.007782268554645736, 0.006831963403793143], [0.004423946490009423, 0.0050551742624303855, 0.005688543119584751, 0.006477996214578599, 0.007787836088376337, 0.009784406417858856, 0.012861212000605709, 0.018984855420475465, 0.032604693827825194, 99999.99999999999, 0.036543463524921264, 0.019275008579919185, 0.012642038011622827, 0.00973657210886901, 0.007690575937123765], [0.003996812925481924, 0.004579040687801787, 0.0050133390816673885, 0.005867515165111274, 0.006699895287355384, 0.007705446661764587, 0.009706355454189595, 0.013126661297281562, 0.018320552609723442, 0.03233509616082054, 99999.99999999999, 0.03225750154542138, 0.019890136958782716, 0.013036277597917511, 0.009771761956733065], [0.0036652704055997777, 0.0040179610236500355, 0.004510432173289007, 0.0051184307285161825, 0.005816472946360212, 0.006569557601791395, 0.008031591555323793, 0.009747622670630467, 0.013426076202618823, 0.017712838529041878, 0.03810436623488531, 99999.99999999999, 0.03548466191467417, 0.017694610864149068, 0.012289598529627348], [0.0033868701777371793, 0.0037291161586129377, 0.004118549337441202, 0.004514428106832679, 0.005117515779651815, 0.0056319918040357115, 0.006609587362911712, 0.008048562223641961, 0.009838764088493759, 0.012188367550702394, 0.017324065560154343, 0.03495929280448724, 99999.99999999999, 0.036594057063347646, 0.019190817284090694], [0.0031672554423952874, 0.003396333936607656, 0.0036958286221021684, 0.004038593567319557, 0.004462672928139188, 0.004967191035540435, 0.005807280704730378, 0.0068223705271774964, 0.007964302715482183, 0.009628287884357517, 0.012345846745414422, 0.018810578160480266, 0.03478430173030677, 99999.99999999999, 0.031930224682479594], [0.002927197376141624, 0.003152625672946767, 0.003424171995417692, 0.003731623158705162, 0.004071003853058924, 0.0044499795105227115, 0.004971821551613251, 0.005667233539611145, 0.006715071400810541, 0.007750630838973129, 0.009833569355116664, 0.01292119207599061, 0.019098698706411402, 0.03770276583396941, 99999.99999999999]], "binary_threshold": 0.02}, "global_features": {"formation_type": "line_to_bee_swarm", "cluster_centroid": [919.1462023028678, 500.03963882714464], "cluster_radius": 223.81276525194966, "velocity_coherence": 0.8496966237452593, "connectivity_density": 0.26666666666666666}}
{"metadata": {"episode_id": 7, "frame_id": 1, "timestamp": 0.1, "transformation_progress": 0.0125, "start_formation": "line", "target_formation": "bee_swarm", "current_formation": "line_to_bee_swarm"}, "node_features": {"positions": [[499.9858184451179, 501.6596533337996], [562.4466175636733, 500.063134680906], [616.4608618110314, 500.0932347302808], [677.0947204343091, 500.7591327890026], [737.076012367533, 499.63989046768313], [796.6842236421353, 499.88871868403857], [856.8009013346083, 500.267927500406], [916.2399479269144, 499.7243087573084], [976.2380107226156, 499.66529016956576], [1037.01190404477, 500.2642159188618], [1096.6923381455356, 500.45949298842675], [1156.2029239376288, 500.0789938312361], [1217.0277578930209, 499.9740728618085], [1276.2065044607666, 499.9089353830404], [1335.4226899225598, 500.04034485880254]], "velocities": [[5.323526804493455, 13.37049952934486], [15.22755311786545, -3.1959046791346557], [-25.451639941191353, 2.02849054040306], [-20.329459984608032, 2.7022160332180967], [-19.575222495061112, -1.03312601769615], [-23.37577756974993, 0.9639029311726113], [-22.077466255732844, 3.9915681552922617], [-27.602800231403247, -2.970418433432103], [-27.624992065260024, -3.0277868175940363], [-19.928521239385475, 1.6680074408825072], [-23.085357308145745, 4.17695990442441], [-27.970763257410226, 0.7971959971938422], [-19.780606087607296, 0.8179077396744148], [-27.937061916751794, -0.7053998518809825], [-31.8294304780053, -0.6564669918964654]], "speeds": [14.391323611897949, 15.559311703141903, 25.532347122200726, 20.508264547639328, 19.602466301452665, 23.395642454336386, 22.435399096324666, 27.76216789597722, 27.790424243225857, 19.99820510974616, 23.4601942892195, 27.982121411001557, 19.797508688309904, 27.945966032532443, 31.8361994193029], "headings": [1.1918817644740551, -0.2068738526934821, 3.0620609687588307, 3.0094460864922596, -3.0888643445020283, 3.100380883597888, 2.9627265856188734, -3.034392258223671, -3.0324252253193484, 3.0580877825171098, 2.962593754343549, 3.1130993215219163, 3.10026722211424, -3.1163484098037246, -3.1209710488335216]}, "edge_features": {"distance_matrix": [[0.0, 28.446006601481844, 55.67328553923171, 74.60392177655423, 97.46135425065741, 126.07313580346866, 147.7477540089761, 176.6496075594963, 198.58845646280628, 221.10461259442033, 247.40744878859851, 270.21949229455095, 293.6557771537845, 313.9495044519353, 342.8100570413013], [29.76173326456062, 0.0, 28.688012197330988, 54.11924573969009, 77.49848530399935, 98.71509317028357, 122.20815272642248, 146.2852817982073, 172.73554831496153, 198.1801576224119, 217.7214593511569, 241.76686105647215, 270.118000404529, 287.6527016726027, 317.49056487384775], [54.92007564942401, 26.48444726381922, 0.0, 30.99228331912413, 57.88367184113617, 75.10550466072407, 105.9428953538023, 125.50280993134562, 149.34043303130466, 173.01731546396095, 201.30295863139258, 223.83142452812083, 243.40563138777293, 270.3272090387014, 292.2967349481975], [77.30772947119506, 49.14871274551867, 29.92838972307097, 0.0, 27.90142049777327, 51.04010365279365, 77.45257174182434, 98.42407275502103, 123.45226659412252, 148.76595722160295, 173.90448412981215, 196.20910312046254, 223.8548257391995, 243.30974006865583, 265.6106859443234], [104.7043677588197, 73.05984090394257, 53.43371302601787, 34.30937918977875, 0.0, 32.24906992204028, 54.48306133605485, 74.69881743082946, 100.40217413724255, 126.26642169848111, 150.2470341268389, 172.88845756412545, 201.17406697104133, 221.73969317966296, 245.73461274707716], [121.70036391981941, 102.26630232208437, 77.8128096375037, 57.55159538994081, 32.115472239568156, 0.0, 30.40529744720516, 56.39189105966475, 77.64450937177736, 103.14299007142871, 128.95997537366276, 150.44938016590518, 175.29995409118092, 199.9863053464451, 218.00714970732415], [150.7727738281685, 125.13478219548958, 103.32762646746586, 75.8591450617698, 52.29485036802994, 27.402782941717284, 0.0, 31.536502370336002, 54.51813373326499, 74.73688249154486, 101.48042272866054, 129.32573257166288, 153.84086937809545, 177.27404982174102, 194.4409687260501], [173.31809286704302, 147.68577698103357, 126.65439196673358, 100.81892059540466, 79.16884167829275, 55.45801084344872, 31.18472493158637, 0.0, 33.571381249354275, 55.92844541181522, 77.197234261708, 99.76379636785492, 127.07975069505567, 154.08863222998966, 177.79474593750436], [199.32699269817454, 172.54004048613655, 152.90912743725684, 129.91876780201844, 104.28500365023618, 80.52095883265557, 57.23769143010666, 32.518615033253674, 0.0, 27.201061338073185, 51.910475327728754, 77.50580623854069, 103.2934037885412, 127.06153316707383, 149.13046848551616], [222.7528491046985, 195.70818706434454, 174.91405356548063, 147.7490820735012, 124.84350000555526, 99.70251867611769, 76.46706771034339, 53.96243273467865, 34.388978134426424, 0.0, 31.144215351519016, 56.04579105321808, 80.92008585990519, 100.08788864811761, 125.09827595227597], [242.86480916219534, 223.35929481080979, 202.24573289529388, 170.1298670880667, 149.2416973873245, 125.4973080386039, 100.91442303221999, 78.82023582402566, 57.69076131644689, 32.51859904065455, 0.0, 32.11169709793072, 57.284859541425334, 75.84422000391068, 99.73351045229636], [264.9380730056077, 240.12704200251775, 223.32258596122733, 200.82737473959358, 170.94898345565662, 149.77911646848628, 122.23602983453539, 104.54034909996304, 74.59702008372716, 52.338939053312174, 28.384470018904757, 0.0, 31.73727856832586, 51.55692811137427, 76.94630631807497], [289.99178365810957, 268.06781742219374, 249.94471757560302, 218.12123127408285, 201.5642877818482, 176.16967256771022, 150.11209677901996, 127.39790929816157, 103.74956524385611, 76.68167679714789, 56.98859841849141, 26.798956900713677, 0.0, 29.980312927052815, 50.892965265309606], [314.12102107548156, 295.0379040005017, 268.7645351667686, 243.4909770037991, 222.05260162178828, 200.98622079072695, 170.6299675582418, 150.9122158099945, 128.05002155131635, 100.7495868577865, 77.12163341957168, 57.117062868448144, 27.194572579274038, 0.0, 30.13718370935405], [342.3536761447984, 317.805421963504, 290.2041050871147, 267.5764963003448, 244.9240115341145, 218.6670768622219, 201.62235984437442, 174.73118438191543, 152.62105948052883, 125.91118942859084, 101.23936343462171, 79.29012317344376, 56.97630197286197, 32.89451642686792, 0.0]], "adjacency_matrix": [[0, 1, 0, 0, 0, 0, 0, 0, 0, 0, 0, 0, 0, 0, 0], [1, 0, 1, 0, 0, 0, 0, 0, 0, 0, 0, 0, 0, 0, 0], [0, 1, 0, 1, 0, 0, 0, 0, 0, 0, 0, 0, 0, 0, 0], [0, 1, 1, 0, 1, 0, 0, 0, 0, 0, 0, 0, 0, 0, 0], [0, 0, 0, 1, 0, 1, 0, 0, 0, 0, 0, 0, 0, 0, 0], [0, 0, 0, 0, 1, 0, 1, 0, 0, 0, 0, 0, 0, 0, 0], [0, 0, 0, 0, 0, 1, 0, 1, 0, 0, 0, 0, 0, 0, 0], [0, 0, 0, 0, 0, 0, 1, 0, 1, 0, 0, 0, 0, 0, 0], [0, 0, 0, 0, 0, 0, 0, 1, 0, 1, 0, 0, 0, 0, 0], [0, 0, 0, 0, 0, 0, 0, 0, 1, 0, 1, 0, 0, 0, 0], [0, 0, 0, 0, 0, 0, 0, 0, 0, 1, 0, 1, 0, 0, 0], [0, 0, 0, 0, 0, 0, 0, 0, 0, 0, 1, 0, 1, 0, 0], [0, 0, 0, 0, 0, 0, 0, 0, 0, 0, 0, 1, 0, 1, 0], [0, 0, 0, 0, 0, 0, 0, 0, 0, 0, 0, 0, 1, 0, 1], [0, 0, 0, 0, 0, 0, 0, 0, 0, 0, 0, 0, 0, 1, 0]], "physical_distances": [[0.0, 62.48119955904788, 116.48557590677427, 177.1111913490182, 237.09879691007242, 296.7036903309213, 356.8177970312429, 416.258628582373, 476.2563680766416, 537.0278985863433, 596.7077266449962, 656.2190091923825, 717.043920627417, 776.2226603313944, 835.4384408105441], [62.48119955904788, 0.0, 54.01425263415414, 114.65021546077607, 174.62990770548544, 234.23767101452472, 294.35435501177665, 353.79349260906423, 413.79158441499703, 474.56532908183436, 534.2458676114784, 593.7563065857535, 654.5811463881897, 713.7599035535513, 772.9760726948451], [116.48557590677427, 54.01425263415414, 0.0, 60.63751505274805, 120.61600252366186, 180.2234778726628, 240.34010301187453, 299.77931312691936, 359.7774034253615, 420.5510769911911, 480.23161600162183, 539.742062314468, 600.5669079037789, 659.7456683916625, 718.9618300569298], [177.1111913490182, 114.65021546077607, 60.63751505274805, 0.0, 59.99173347514194, 119.59267075456081, 179.70685222441185, 239.14746641615608, 299.1452901454243, 359.9175238867852, 419.5977246994395, 479.1086862635453, 539.9336081950075, 599.1123872822142, 658.3283618883602], [237.09879691007242, 174.62990770548544, 120.61600252366186, 59.99173347514194, 0.0, 59.60873062596512, 119.72653619266266, 179.1639554474442, 239.1619997038438, 299.9365414525017, 359.6172597559278, 419.1271415859998, 479.95186186828687, 539.1305592246266, 598.3468115607022], [296.7036903309213, 234.23767101452472, 180.2234778726628, 119.59267075456081, 59.60873062596512, 0.0, 60.11787368251717, 119.55583733085611, 179.55392609253508, 240.32797374813512, 300.00865746040046, 359.5187506470178, 420.3435429168159, 479.5222812448002, 538.7384876177689], [356.8177970312429, 294.35435501177665, 240.34010301187453, 179.70685222441185, 119.72653619266266, 60.11787368251717, 0.0, 59.44153245955376, 119.43862972554295, 180.21100274838318, 239.89151329829767, 299.4020822150557, 360.22697641418216, 419.4057567665911, 478.6218426952415], [416.258628582373, 353.79349260906423, 299.77931312691936, 239.14746641615608, 179.1639554474442, 119.55583733085611, 59.44153245955376, 0.0, 59.99809182324557, 120.7731629306625, 180.45388782585766, 239.9632381374705, 300.7879136639544, 359.96660388129055, 419.18286113080205], [476.2563680766416, 413.79158441499703, 359.7774034253615, 299.1452901454243, 239.1619997038438, 179.55392609253508, 119.43862972554295, 59.99809182324557, 0.0, 60.776844452355185, 120.45694564044655, 179.96538872574058, 240.78994515788798, 299.9685926868431, 359.1848750128362], [537.0278985863433, 474.56532908183436, 420.5510769911911, 359.9175238867852, 299.9365414525017, 240.32797374813512, 180.21100274838318, 120.7731629306625, 60.776844452355185, 0.0, 59.68075357759581, 119.19116380974556, 180.01608766915348, 239.1948642685026, 298.4108698530461], [596.7077266449962, 534.2458676114784, 480.23161600162183, 419.5977246994395, 359.6172597559278, 300.00865746040046, 239.89151329829767, 180.45388782585766, 120.45694564044655, 59.68075357759581, 0.0, 59.511802198611946, 120.33639880976494, 179.5150105744065, 238.73071973404743], [656.2190091923825, 593.7563065857535, 539.742062314468, 479.1086862635453, 419.1271415859998, 359.5187506470178, 299.4020822150557, 239.9632381374705, 179.96538872574058, 119.19116380974556, 59.511802198611946, 0.0, 60.824924448048726, 120.00370101896446, 179.21977015228117], [717.043920627417, 654.5811463881897, 600.5669079037789, 539.9336081950075, 479.95186186828687, 420.3435429168159, 360.22697641418216, 300.7879136639544, 240.78994515788798, 180.01608766915348, 120.33639880976494, 60.824924448048726, 0.0, 59.178782415833965, 118.39495057753406], [776.2226603313944, 713.7599035535513, 659.7456683916625, 599.1123872822142, 539.1305592246266, 479.5222812448002, 419.4057567665911, 359.96660388129055, 299.9685926868431, 239.1948642685026, 179.5150105744065, 120.00370101896446, 59.178782415833965, 0.0, 59.216331270147165], [835.4384408105441, 772.9760726948451, 718.9618300569298, 658.3283618883602, 598.3468115607022, 538.7384876177689, 478.6218426952415, 419.18286113080205, 359.1848750128362, 298.4108698530461, 238.73071973404743, 179.21977015228117, 118.39495057753406, 59.216331270147165, 0.0]], "communication_quality": [[99999.99999999999, 0.035154306981171723, 0.017961932921598336, 0.013404119276113942, 0.010260476114700545, 0.00793190329016512, 0.006768291938003523, 0.005660923662420022, 0.005035539162025255, 0.004522745785529476, 0.0040419153282458915, 0.0037006951441645275, 0.0034053474978046673, 0.003185225502723614, 0.002917067193010762], [0.033600182325030994, 99999.99999999999, 0.03485775328537761, 0.018477711608044487, 0.012903476333022358, 0.010130162132080234, 0.008182759462955179, 0.006835957242915755, 0.00578919598115766, 0.005045913584578639, 0.00459302430293233, 0.004136215998619674, 0.0037020856125158, 0.003476414298983452, 0.003149699799426619], [0.018208274589799147, 0.037757994813286726, 99999.99999999999, 0.032266085949274985, 0.017276026130206016, 0.01331460152449955, 0.009439046405801725, 0.007967948453644583, 0.006696109772423673, 0.005779767993282831, 0.004967636626517454, 0.004467647728337129, 0.004108368213236627, 0.003699220535601467, 0.003421180759906258], [0.012935315491569909, 0.020346408698711887, 0.033413079524901156, 99999.99999999999, 0.03584045628340837, 0.019592432861780387, 0.012911125459101393, 0.010160115004465061, 0.008100296143486506, 0.006721967521714104, 0.005750282676729121, 0.005096603231604488, 0.004467180691888394, 0.004109987370904065, 0.003764908624800326], [0.009550699038615561, 0.01368740816778804, 0.018714773056578548, 0.02914654045481853, 99999.99999999999, 0.03100863660040611, 0.018354325031199874, 0.013387090994513833, 0.009959942690420678, 0.007919761305902408, 0.006655704981162875, 0.005784075792268178, 0.004970819377210058, 0.004509792272923525, 0.004069430627320481], [0.00821690162315225, 0.009778391117209087, 0.01285135283181573, 0.01737570990808165, 0.031137629898888495, 99999.99999999999, 0.032888994848559554, 0.017733042887523198, 0.01287920909409976, 0.009695277423649484, 0.007754343311241007, 0.0066467534291582645, 0.005704507728705853, 0.005000342139749192, 0.004587005313690182], [0.006632496758431361, 0.007991382591963456, 0.00967795290967353, 0.013182324522145421, 0.01912233808375062, 0.03649263059159297, 99999.99999999999, 0.03170927679817328, 0.01834251739920918, 0.013380272669393258, 0.009854116435173376, 0.007732412589441526, 0.0065002228539158, 0.005640983238075305, 0.0051429488092060585], [0.005769737744978243, 0.006771132283219808, 0.007895501336484577, 0.009918772140254977, 0.01263123032355652, 0.018031656824228887, 0.0320669712984195, 99999.99999999999, 0.029787267157694405, 0.017879986004203936, 0.012953830276763233, 0.010023675282724695, 0.007869073678849849, 0.0064897709884899875, 0.005624462851713716], [0.00501688173937087, 0.005795755809636495, 0.00653983154152792, 0.0076971167441544685, 0.009589105519551661, 0.012419125284971067, 0.017471002067074734, 0.030751607701045045, 99999.99999999999, 0.036763257872137765, 0.01926393085494493, 0.01290225751474298, 0.009681159362659524, 0.007870201912195377, 0.006705537393532348], [0.0044892802005741216, 0.005109648011683548, 0.0057170931805928865, 0.00676823110021229, 0.008010027913789849, 0.010029835885592094, 0.013077523425022088, 0.018531407203279844, 0.02907907601383919, 99999.99999999999, 0.03210868110261816, 0.01784254986471607, 0.012357869690753621, 0.009991217854575343, 0.007993714641154174], [0.004117516911052308, 0.004477091298466486, 0.004944479847557124, 0.005877862355019254, 0.0067005397988694725, 0.007968297774239227, 0.009909385307458643, 0.012687095676313967, 0.017333794941218145, 0.03075162282463578, 99999.99999999999, 0.031141290525300035, 0.017456616520298677, 0.01318491861475076, 0.01002671915585604], [0.0037744668061889543, 0.004164462069810922, 0.004477827224315525, 0.004979400599657601, 0.005849698087046037, 0.0066764977442327475, 0.008180893305719396, 0.00956568361357727, 0.013405359420845673, 0.01910623002730539, 0.035230520317228835, 99999.99999999999, 0.031508677808034624, 0.019396031584338485, 0.012996073728419618], [0.0034483734432118654, 0.003730399166570067, 0.0040008845543562065, 0.004584606222478984, 0.004961196060039828, 0.00567634558582833, 0.006661687864204718, 0.007849421760645903, 0.00963859367760851, 0.013040923351691243, 0.017547366530808715, 0.03731487126742073, 99999.99999999999, 0.033355211097397745, 0.019649077201458767], [0.0031834863032768586, 0.003389394896543024, 0.0037207288609422025, 0.00410692819600915, 0.004503437238122886, 0.004975465215033714, 0.005860634891419745, 0.006626368371632437, 0.0078094475095794695, 0.009925598029057665, 0.01296652866380987, 0.017507899998713113, 0.03677202976309464, 99999.99999999999, 0.03318158982034275], [0.0029209558432417475, 0.0031465793199999103, 0.0034458505169708423, 0.003737248885660899, 0.00408289882607825, 0.004573161943800356, 0.004959767116971527, 0.0057230765435865374, 0.006552175288796404, 0.007942105265760247, 0.009877579898751342, 0.012611909703979724, 0.01755115354739534, 0.030400194458589616, 99999.99999999999]], "binary_threshold": 0.02}, "global_features": {"formation_type": "line_to_bee_swarm", "cluster_centroid": [917.1727488434814, 500.1658231303445], "cluster_radius": 223.28614537812913, "velocity_coherence": 0.7759652860218583, "connectivity_density": 0.27555555555555555}}
