{"metadata": {"episode_id": 12, "frame_id": 0, "timestamp": 0.0, "transformation_progress": 0.0, "start_formation": "wolf_pack", "target_formation": "circle", "current_formation": "wolf_pack_to_circle"}, "node_features": {"positions": [[501.35778492215024, 500.17885734394184], [460.32837054685933, 333.835355900811], [407.85149200558715, 407.7585666086008], [569.0881315073794, 528.9954202825634], [462.235704847596, 408.98416407227427], [432.3727676904668, 492.7291397437527], [382.6323949187807, 471.02675434466687], [424.4512883504649, 361.7897792074622], [537.7944101596996, 586.3955437115231], [568.8437652318751, 521.9373357721786], [609.7671039033517, 593.4959400322368], [491.41001478912153, 370.6586113233481], [445.0324352637487, 648.1008341291721], [595.7328052071515, 382.366154475417], [643.8030365498271, 595.7645619335393]], "velocities": [[13.577849221502609, 1.7885734394184605], [5.765982430656446, 4.660299382752507], [8.097898407504747, 14.13647758472678], [-3.482246219040155, 20.847915576347148], [-6.8427380721183555, 17.911554305189064], [1.1878759118844977, 6.007034843205865], [4.745109756252694, 6.855641870749465], [-7.739751277778281, 10.16179546324445], [-5.589013428316424, -8.950466327213768], [-8.039578018625825, -8.385480530987648], [-16.628919551448114, -11.12538989884197], [0.4311783553292625, 10.532031580650523], [6.659745215992656, -11.634607416929041], [-8.84282163282878, 8.284380126685589], [1.6972031390680482, -11.127514733583192]], "speeds": [13.695144556741713, 7.413834616952432, 16.291591607996764, 21.1367363282158, 19.17411906584902, 6.123358293414222, 8.337619088136476, 12.773638357127778, 10.552152319621284, 11.616845460500214, 20.007380284529713, 10.540854044617276, 13.40583067504574, 12.117196396586456, 11.256201963423251], "headings": [0.1309732227533318, 0.6797453587937108, 1.0505890651414498, 1.7362993779221947, 1.9357153610083286, 1.375567601306867, 0.9653605160921758, 2.221713068456573, -2.128991576913627, -2.33513816403047, -2.551949704529517, 1.5298794628097545, -1.0509120008562518, 2.3887884739160543, -1.4194397092459938]}, "edge_features": {"distance_matrix": [[0.0, 74.65002232964008, 60.04619430983182, 32.86322214025039, 49.26596190799594, 38.28855396169853, 57.40919347420983, 73.73259068907775, 40.09042329973404, 38.45285011381489, 60.937418227278314, 60.420484365225356, 65.73151742263731, 68.39659014568367, 75.23002345431736], [71.32539332780333, 0.0, 46.20762743872919, 95.64898321417435, 32.518738302609215, 67.34631735861717, 70.20160687641774, 27.066930344414825, 111.71007828312372, 91.21219102766878, 124.73864833886844, 26.079153994406102, 129.03608448249233, 60.61327318805011, 134.75489452398267], [56.855358443677765, 43.35288344149871, 0.0, 89.9663323175276, 30.44269061837131, 44.308284932421536, 34.28423311513572, 26.10822469358768, 96.31348711527666, 85.96704356968628, 117.47395893048812, 45.60703552250435, 105.57033662839692, 79.87592366889731, 124.24026557307148], [34.569004630177076, 98.59081583054106, 83.2455191000727, 0.0, 74.10172254484891, 60.66855231678522, 85.77453312854499, 98.69523565101343, 28.972020124195343, 9.066485994732666, 38.856661427952766, 73.48020694872255, 76.30312335591655, 65.46882448443975, 47.336047523471265], [48.82920346032936, 37.52699569675217, 24.849454092032836, 72.83009152808553, 0.0, 38.3347965467909, 43.13234116887432, 30.569121204769115, 84.24818872180742, 72.3958718117376, 98.07784327524952, 24.271914288667855, 101.90554416016298, 58.682877242547825, 112.5785613163946], [35.10439767519647, 68.34252208296991, 40.60821705597884, 64.07488664708339, 45.57963377263111, 0.0, 29.296138276148046, 61.82914152903714, 58.95442900318934, 63.75469506903156, 90.72349431675914, 62.190541742542614, 67.71679890058046, 81.01490198023026, 103.42760883559899], [57.35870313841818, 65.38175529495761, 31.513554348365567, 81.48511346435617, 44.13661763047017, 27.281448156662083, 0.0, 56.901742333190036, 81.90840214492292, 82.49027236577447, 108.2584256603429, 62.57614227655989, 79.20988403719835, 100.44584323644574, 119.62749844015711], [73.15836750052685, 26.7575786276086, 28.906340200060196, 97.21004771303204, 28.59017185655463, 57.98252712587482, 54.24061174871265, 0.0, 104.29059982218263, 89.93459457805754, 121.87415931198488, 32.19160271104172, 117.99768654328916, 73.06963795564529, 131.276151906466], [41.53037668705552, 110.39528288187046, 92.41121904275336, 31.78680038079712, 84.4270870677201, 62.35872076678197, 87.70388332658362, 104.5201839138881, 0.0, 36.74254837006706, 36.49706991216467, 98.08442825755328, 50.22870588930388, 89.20645340866814, 48.76123389748305], [34.30058936508599, 96.12240616963078, 88.34419477620203, 9.57300682344335, 70.54571485051666, 61.18308033957461, 80.8013021899166, 95.40028080753117, 35.78085548957014, 0.0, 40.82776541687702, 70.70829326409843, 80.06647296486351, 66.65567649633668, 48.47307610489708], [63.0153200094062, 129.07335014978926, 113.73691740624375, 38.76832477397111, 99.55858320350548, 89.89890602389956, 107.73290416732935, 128.56670558123457, 32.34971054351253, 41.92994910995988, 0.0, 105.65620203036468, 74.33118149094733, 92.11855537549287, 22.86353007056538], [55.935877063942556, 22.24570959087727, 46.37389771544056, 78.7531973361044, 29.081238777943963, 63.118774250051516, 68.39698311247228, 32.81865005416786, 98.15332927226025, 75.08224706896662, 106.65960510440533, 0.0, 120.83388202503528, 48.551556070610886, 116.12479783441394], [69.9782005945434, 134.76749914548816, 104.90827525420265, 77.88367880289358, 103.03085178380704, 66.46221594249502, 81.58347663869179, 117.44679458309835, 54.397423040778236, 74.72698449792523, 72.21891864497682, 117.2278522280314, 0.0, 128.75769699200043, 89.43488959829912], [66.58450786602407, 65.5431184294793, 83.49772219874677, 63.58973094659365, 62.09481318998178, 82.43333194743302, 100.63060649772598, 76.11864598482038, 89.6064101967661, 66.75069513986439, 91.42607135261963, 45.44590207330242, 131.48460868093065, 0.0, 92.06632083524639], [72.91175732593192, 134.60586956031693, 130.67636501752747, 45.40719674079322, 113.79173617306868, 103.29646703676761, 121.23003184788485, 131.9861109953102, 52.63955450564939, 49.07910279721338, 17.460255248519598, 114.45914014628875, 88.84712575596517, 91.54795495914048, 0.0]], "adjacency_matrix": [[0, 0, 0, 1, 1, 1, 0, 0, 1, 1, 0, 0, 0, 0, 0], [0, 0, 1, 0, 1, 0, 0, 1, 0, 0, 0, 1, 0, 0, 0], [0, 1, 0, 0, 1, 1, 1, 1, 0, 0, 0, 1, 0, 0, 0], [1, 0, 0, 0, 0, 0, 0, 0, 1, 1, 1, 0, 0, 0, 1], [1, 1, 1, 0, 0, 1, 1, 1, 0, 0, 0, 1, 0, 0, 0], [1, 0, 1, 0, 1, 0, 1, 0, 0, 0, 0, 0, 0, 0, 0], [0, 0, 1, 0, 1, 1, 0, 0, 0, 0, 0, 0, 0, 0, 0], [0, 1, 1, 0, 1, 0, 0, 0, 0, 0, 0, 1, 0, 0, 0], [1, 0, 0, 1, 0, 0, 0, 0, 0, 1, 1, 0, 0, 0, 1], [1, 0, 0, 1, 0, 0, 0, 0, 1, 0, 1, 0, 0, 0, 1], [0, 0, 0, 1, 0, 0, 0, 0, 1, 1, 0, 0, 0, 0, 1], [0, 1, 1, 0, 1, 0, 0, 1, 0, 0, 0, 0, 0, 1, 0], [0, 0, 0, 0, 0, 0, 0, 0, 0, 0, 0, 0, 0, 0, 0], [0, 0, 0, 0, 0, 0, 0, 0, 0, 0, 0, 1, 0, 0, 0], [0, 0, 0, 1, 0, 0, 0, 0, 0, 1, 1, 0, 0, 0, 0]], "physical_distances": [[0.0, 171.32884554662766, 131.47219080323816, 73.60566654919174, 99.23209778228697, 69.38610015542184, 122.25204841119246, 158.32291736320212, 93.59991809241876, 70.9069032032609, 143.04075770011133, 129.90170229775552, 158.28283618317997, 150.9519042973017, 171.54380383202994], [171.32884554662766, 0.0, 90.6557436833636, 223.419194192619, 75.17300907723562, 161.3342811524935, 157.66465816973636, 45.48202732216633, 264.17349556736445, 217.15880298798183, 299.5923129498921, 48.18735050525147, 314.63750005726524, 143.83879635189635, 319.7965947877432], [131.47219080323816, 90.6557436833636, 0.0, 201.7315756310666, 54.398021063158964, 88.43806454310307, 68.10922431858897, 48.87415118262923, 220.898917079456, 197.370979037642, 274.3506628648086, 91.42446834373271, 243.20120908107444, 189.5894576295997, 301.694192272462], [73.60566654919174, 223.419194192619, 201.7315756310666, 0.0, 160.6864732958442, 141.44374785656137, 195.25907901405347, 221.08266057231504, 65.3763807918888, 7.062313490092149, 76.25677571973709, 176.36449440939728, 171.97649658620188, 149.03046744780113, 100.20197259690079], [99.23209778228697, 75.17300907723562, 54.398021063158964, 160.6864732958442, 0.0, 88.91015670814646, 100.92556643056811, 60.456365196699345, 192.83131377953893, 155.31805283342356, 236.24163302696675, 48.16625742233784, 239.73471668382504, 136.12492144830648, 260.4872606610167], [69.38610015542184, 161.3342811524935, 88.43806454310307, 141.44374785656137, 88.91015670814646, 0.0, 54.268759111267194, 131.1787557975252, 141.02169312968954, 139.56164188337002, 204.01641738053652, 135.59723615850146, 155.88659531615338, 197.14586065852745, 235.20003574780543], [122.25204841119246, 157.66465816973636, 68.10922431858897, 195.25907901405347, 100.92556643056811, 54.268759111267194, 0.0, 116.96810071543796, 193.3525498502598, 193.0454913619266, 258.04820764439006, 148.00788735133094, 187.74715648068536, 230.80833354592554, 289.4298268873667], [158.32291736320212, 45.48202732216633, 48.87415118262923, 221.08266057231504, 60.456365196699345, 131.1787557975252, 116.96810071543796, 0.0, 251.58380852097122, 215.63030226199103, 296.69798863185423, 67.54352100228878, 287.04982804148926, 172.51302917720483, 320.716991114957], [93.59991809241876, 264.17349556736445, 220.898917079456, 65.3763807918888, 192.83131377953893, 141.02169312968954, 193.3525498502598, 251.58380852097122, 0.0, 71.54664926570503, 72.32208703175492, 220.66702547085305, 111.41062270772669, 212.0963207901851, 106.4218369112566], [70.9069032032609, 217.15880298798183, 197.370979037642, 7.062313490092149, 155.31805283342356, 139.56164188337002, 193.0454913619266, 215.63030226199103, 71.54664926570503, 0.0, 82.43393410281956, 169.94480921315548, 176.76672126322694, 142.13773291904408, 105.21098649475277], [143.04075770011133, 299.5923129498921, 274.3506628648086, 76.25677571973709, 236.24163302696675, 204.01641738053652, 258.04820764439006, 296.69798863185423, 72.32208703175492, 82.43393410281956, 0.0, 252.31899573695821, 173.54885626571354, 211.59571803125627, 34.11145491541634], [129.90170229775552, 48.18735050525147, 91.42446834373271, 176.36449440939728, 48.16625742233784, 135.59723615850146, 148.00788735133094, 67.54352100228878, 220.66702547085305, 169.94480921315548, 252.31899573695821, 0.0, 281.2917824574133, 104.97766985060089, 271.8387795761979], [158.28283618317997, 314.63750005726524, 243.20120908107444, 171.97649658620188, 239.73471668382504, 155.88659531615338, 187.74715648068536, 287.04982804148926, 111.41062270772669, 176.76672126322694, 173.54885626571354, 281.2917824574133, 0.0, 305.4922609032221, 205.54521965485966], [150.9519042973017, 143.83879635189635, 189.5894576295997, 149.03046744780113, 136.12492144830648, 197.14586065852745, 230.80833354592554, 172.51302917720483, 212.0963207901851, 142.13773291904408, 211.59571803125627, 104.97766985060089, 305.4922609032221, 0.0, 218.7455769770012], [171.54380383202994, 319.7965947877432, 301.694192272462, 100.20197259690079, 260.4872606610167, 235.20003574780543, 289.4298268873667, 320.716991114957, 106.4218369112566, 105.21098649475277, 34.11145491541634, 271.8387795761979, 205.54521965485966, 218.7455769770012, 0.0]], "communication_quality": [[99999.99999999999, 0.01339584148583076, 0.016653842012063075, 0.03042914329705309, 0.02029798583629888, 0.026117459014663932, 0.01741880986816398, 0.013562521742816176, 0.024943606683508555, 0.02600586788707381, 0.01641027573842303, 0.016550675569704437, 0.015213399706509931, 0.01462060976525172, 0.013292563542554309], [0.014020250196190484, 99999.99999999999, 0.02164144404322746, 0.010454893108606277, 0.03075149113041853, 0.014848619653378126, 0.014244686155311643, 0.036945439243425485, 0.008951742992678953, 0.010963445555892844, 0.008016760908902618, 0.03834478744082812, 0.0077497695819961476, 0.016498033886360237, 0.007420880178962447], [0.017588488604917282, 0.023066511151082006, 99999.99999999999, 0.011115267935097279, 0.03284859686188709, 0.022569137483741758, 0.02916791823700849, 0.03830209172455483, 0.010382760775502835, 0.011632363312177308, 0.008512524171135492, 0.02192643677184833, 0.009472356887488084, 0.01251941547431811, 0.008048919687173854], [0.02892763969983247, 0.010142931571734782, 0.012012657145801318, 99999.99999999999, 0.013494961125163513, 0.016483001439500558, 0.011658470724832216, 0.010132200324380383, 0.03451604860664812, 0.11029619387478547, 0.025735606351516217, 0.013609105164970322, 0.013105621696234835, 0.015274443296186586, 0.021125544718297605], [0.020479543476825336, 0.026647476435524578, 0.04024231654640058, 0.013730586378688065, 99999.99999999999, 0.026085953995344014, 0.023184453731370708, 0.03271273865460688, 0.011869689977610792, 0.013812940390731854, 0.01019598172885739, 0.04119986483588707, 0.009813007821225518, 0.017040743000030056, 0.00888268511766388], [0.02848645130983265, 0.014632176618594839, 0.024625551827748848, 0.015606736059331884, 0.021939618593519217, 99999.99999999999, 0.034134180048991866, 0.01617360056332594, 0.016962251136778718, 0.015685116869684077, 0.01102250191426162, 0.016079612931234555, 0.01476738222363913, 0.012343406609440319, 0.009668597336554051], [0.01743414287532563, 0.015294784340690204, 0.0317323673369834, 0.012272178742386362, 0.02265691906441986, 0.03665493223483737, 99999.99999999999, 0.017574151216722955, 0.01220875821924946, 0.012122640040991103, 0.00923715545952895, 0.01598052874169103, 0.012624685491062297, 0.009955612579108047, 0.008359281347903718], [0.013668974547621678, 0.037372575455779135, 0.034594474676983525, 0.010287001402180418, 0.034977042294354575, 0.01724657197785414, 0.01843636683651647, 99999.99999999999, 0.009588590973866372, 0.01111919049059768, 0.008205184130856363, 0.031063992008607884, 0.00847474170509028, 0.013685572983833445, 0.00761752922600295], [0.024078754853291237, 0.009058357235122874, 0.01082119576114887, 0.03145958930827846, 0.011844538480316179, 0.016036246852745316, 0.011402002374926421, 0.009567529130532212, 99999.99999999999, 0.02721639549233639, 0.027399452296091628, 0.01019529721293981, 0.019908930226363763, 0.01120995006178925, 0.020508090443763633], [0.02915400950742229, 0.010403400578646119, 0.011319361609889977, 0.1044602781383504, 0.014175203417626748, 0.016344385261513626, 0.012376036637246499, 0.010482148340799996, 0.027947898585390353, 99999.99999999999, 0.024493129733113718, 0.014142610610594892, 0.012489620662354326, 0.015002470945295249, 0.02063000482032385], [0.015869154376414937, 0.007747532092133519, 0.008792219227342198, 0.025794246924203606, 0.01004433638345936, 0.011123604646513767, 0.00928221433281581, 0.00777806289504341, 0.03091216811764829, 0.023849295854964567, 99999.99999999999, 0.0094646588286982, 0.013453302441974017, 0.010855575050738241, 0.043737758759738364], [0.017877610466011915, 0.04495246808784236, 0.021563850218019084, 0.012697895537538952, 0.0343864188101313, 0.015843144190458385, 0.014620525764277328, 0.03047047010296824, 0.010188140387421505, 0.013318725875295043, 0.009375619807188835, 99999.99999999999, 0.008275823804407561, 0.020596657964557757, 0.008611424368735505], [0.014290162487778384, 0.007420186114150486, 0.009532135594218377, 0.012839658924358078, 0.009705829716326473, 0.015046140658382823, 0.012257382482667023, 0.00851449303835644, 0.018383220385608356, 0.013382044958703172, 0.013846785306327786, 0.008530395257526765, 99999.99999999999, 0.007766525386027019, 0.011181317410670162], [0.01501850628418033, 0.01525712952618585, 0.011976373174060997, 0.015725807105266523, 0.01610440208421976, 0.012131013693921213, 0.00993733353529239, 0.013137383826107235, 0.01115991463339465, 0.014981115149340751, 0.010937797893175775, 0.02200417935032397, 0.007605452333756747, 99999.99999999999, 0.010861734044658627], [0.013715207252209045, 0.0074290959894653015, 0.0076524926549720335, 0.022022935824009045, 0.008787983607168443, 0.00968087226870339, 0.008248780457031967, 0.0075765542047828835, 0.018997117650786752, 0.02037526644240354, 0.05727289853656645, 0.008736741437638782, 0.011255286864246046, 0.010923235709786865, 99999.99999999999]], "binary_threshold": 0.02}, "global_features": {"formation_type": "wolf_pack_to_circle", "cluster_centroid": [502.1801003929374, 480.2678012587658], "cluster_radius": 116.03620975023227, "velocity_coherence": 0.24928681877445208, "connectivity_density": 0.5066666666666667}}
{"metadata": {"episode_id": 12, "frame_id": 1, "timestamp": 0.1, "transformation_progress": 0.0125, "start_formation": "wolf_pack", "target_formation": "circle", "current_formation": "wolf_pack_to_circle"}, "node_features": {"positions": [[503.803063133953, 500.8713932375463], [461.4328505185698, 335.16187285530197], [409.48025315667905, 410.98510797024716], [568.3223506871722, 532.7968078049241], [461.04620216479793, 412.9187820204543], [432.7986626663532, 494.2906185811508], [383.5466434274439, 472.7931751488932], [423.0316708094549, 364.1696767328187], [536.5643314418573, 584.2294331941246], [566.8685265994704, 520.00451927248], [606.0891338326652, 591.0908276006121], [491.51469076373223, 373.2009283676665], [446.15535050916503, 645.4345982485249], [594.0261516906697, 384.4470426682831], [643.7551739857571, 593.4524550754953]], "velocities": [[24.452782118027365, 6.9253589360443035], [11.044799717104903, 13.265169544909579], [16.287611510918865, 32.26541361646333], [-7.657808202073111, 38.0138752236077], [-11.89502682798109, 39.34617948179992], [4.258949758863961, 15.614788373980979], [9.142485086631826, 17.664208042263446], [-14.196175410099976, 23.79897525356513], [-12.300787178422535, -21.66110517398574], [-19.752386324046075, -19.3281649969855], [-36.779700706864425, -24.051124316247822], [1.0467597461069356, 25.423170443183842], [11.22915245416319, -26.66235880647206], [-17.06653516481811, 20.808881928661158], [-0.4786256407000642, -23.121068580440117]], "speeds": [25.41454602594285, 17.261295543676816, 36.14337013301435, 38.77752875024082, 41.10490850315085, 16.185186715411685, 19.889929092876375, 27.711416769882636, 24.91009519386299, 27.63575089707276, 43.945454428895495, 25.44471067529058, 28.930524398356443, 26.912379858588018, 23.126022027260777], "headings": [0.2759861227699936, 0.8764812187308482, 1.1033153365427582, 1.7695835294280846, 1.8643776350818269, 1.3045221564987053, 1.0931907857298284, 2.108641009452169, -2.0872590432479425, -2.3670491135689864, -2.562463942821787, 1.5296461153482437, -1.172181620040182, 2.2577074151111995, -1.591494214910712]}, "edge_features": {"distance_matrix": [[0.0, 71.01738812480093, 57.214073886803, 37.36998840022704, 43.77724665024581, 33.538140801151464, 52.649018484734874, 68.53300415259118, 38.85932854202693, 31.986085347302414, 64.08490008405276, 53.457728312131394, 68.09169862145066, 64.38975316701512, 75.71794681712814], [78.67944089946972, 0.0, 46.12493107286072, 92.63646113377085, 35.60330443061506, 73.3504065631905, 65.6892541983145, 29.270741523213093, 108.61172737228848, 89.57702512100117, 124.30433059196697, 22.468950503182093, 127.59978322861366, 60.63983371186036, 133.82790836277442], [54.835845571290534, 42.75966024284389, 0.0, 87.74605969439969, 24.078669195847464, 44.894202622662355, 30.550577504395434, 27.95357351222592, 88.34467583577464, 80.72931697078397, 111.67845212858549, 38.44111578286493, 98.43217097664838, 78.9251808973665, 126.04594766619907], [36.88635312775175, 98.45299937353654, 87.98967538230545, 0.0, 74.43092456575113, 64.40045563874, 87.95409591015421, 93.17654734137224, 29.035883647165175, 9.525252073702648, 31.779868633652693, 73.4982467583182, 74.28555426903179, 70.01646099710177, 44.44064917702241], [48.73818759494009, 35.9883173839006, 28.560577021606054, 70.35727859210594, 0.0, 40.357938360257684, 42.28891329815984, 31.91794118243143, 83.20635777604895, 65.93484938254119, 95.84732857708802, 27.846494669858693, 96.71961154448438, 62.24318087435109, 108.77847211886527], [31.1747535024367, 72.07118840073369, 41.187041686634736, 65.16453508018175, 42.28091686325424, 0.0, 31.48928178686585, 59.98613924691778, 59.54429215690026, 57.39597338339788, 83.8406798588523, 58.75339972676759, 64.49635224752353, 84.77802006780678, 95.64677507811794], [56.68010848755025, 73.01880062784983, 35.11573949083531, 86.899106501346, 46.05677263593233, 24.658791698011274, 0.0, 56.22098144197927, 79.5096613235512, 80.34416684626528, 105.26903028629921, 64.01961213219217, 79.53150809877249, 99.80834241274722, 118.51634867808494], [67.21592251786836, 22.20143013676368, 28.23378985061246, 92.3094789003296, 35.28827746075929, 55.06707985302931, 51.45964484902675, 0.0, 103.26504549610415, 91.9921151601548, 126.60285223768388, 32.28617871290734, 118.45056123787539, 78.85159154291404, 134.29358427417466], [42.49894683451888, 113.8489376616292, 89.40570990721722, 33.89191497273773, 77.86371245782682, 58.95811816804659, 81.16833344859465, 107.30340037035245, 0.0, 35.68503416131792, 36.70633238531017, 94.50343900729712, 53.993695901463965, 92.71740713249545, 49.02688997357093], [36.624026256851494, 92.2876884496093, 85.03398945154426, 8.78344008572902, 67.83497522065035, 57.971200637312485, 80.53564438757179, 90.63538246999875, 33.918157143008955, 0.0, 42.40284896530697, 72.87032599546308, 78.94392825668214, 64.95334554946207, 49.06331962887324], [57.7746594680395, 122.52510499716853, 112.12279104819545, 34.5309638070135, 100.61915830338994, 82.58660257949045, 110.92101486878434, 119.9536359449081, 37.5151318520621, 36.01343239376633, 0.0, 102.07235766288605, 71.82152330791463, 92.47236351259325, 20.585683865929404], [56.98855259154573, 24.89181875754573, 41.02346172351154, 79.16458264457208, 24.42469774400629, 64.06667119554106, 64.8896621772857, 33.23788138634404, 96.0428029818359, 74.71131975413164, 103.99317195567848, 0.0, 113.26463966789433, 46.86439736976017, 116.8754929081535], [72.25623507272022, 129.55881103201102, 102.62859617538427, 74.89557450877383, 98.31602537064178, 65.03138898565794, 78.2645329756529, 117.61061557132844, 46.12886161382514, 78.25082513843873, 76.50220282253689, 113.32467659421664, 0.0, 122.5177960292566, 89.50876860001054], [68.88857902281947, 63.3336223890178, 84.43456789027091, 63.667057044607155, 60.353957745951014, 83.17442867764538, 101.00052752903672, 75.86699261557018, 86.72305351677655, 62.092919006277704, 90.04415073155772, 44.49316612559498, 122.61905056919665, 0.0, 89.06027623103735], [70.0625129521866, 133.21363574897586, 123.57546125824662, 44.097081011049234, 108.40992681558251, 97.21817541677243, 122.96541973058106, 130.09230652882005, 51.64684950070601, 46.219927606495915, 19.806155355439877, 111.66308351131873, 88.10160349476077, 90.80278116361997, 0.0]], "adjacency_matrix": [[0, 0, 0, 1, 1, 1, 0, 0, 1, 1, 0, 0, 0, 0, 0], [0, 0, 1, 0, 1, 0, 0, 1, 0, 0, 0, 1, 0, 0, 0], [0, 1, 0, 0, 1, 1, 1, 1, 0, 0, 0, 1, 0, 0, 0], [1, 0, 0, 0, 0, 0, 0, 0, 1, 1, 1, 0, 0, 0, 1], [1, 1, 1, 0, 0, 1, 1, 1, 0, 0, 0, 1, 0, 0, 0], [1, 0, 1, 0, 1, 0, 1, 0, 0, 0, 0, 0, 0, 0, 0], [0, 0, 1, 0, 1, 1, 0, 0, 0, 0, 0, 0, 0, 0, 0], [0, 1, 1, 0, 1, 0, 0, 0, 0, 0, 0, 1, 0, 0, 0], [1, 0, 0, 1, 0, 0, 0, 0, 0, 1, 1, 0, 0, 0, 1], [1, 0, 0, 1, 0, 0, 0, 0, 1, 0, 1, 0, 0, 0, 1], [0, 0, 0, 1, 0, 0, 0, 0, 1, 1, 0, 0, 0, 0, 1], [0, 1, 1, 0, 1, 0, 0, 1, 0, 0, 0, 0, 0, 1, 0], [0, 0, 0, 0, 0, 0, 0, 0, 1, 0, 0, 0, 0, 0, 0], [0, 0, 0, 0, 0, 0, 0, 0, 0, 0, 0, 1, 0, 0, 0], [0, 0, 0, 1, 0, 0, 0, 0, 0, 1, 1, 0, 0, 0, 0]], "physical_distances": [[0.0, 171.04058016268016, 130.29327212547548, 71.9859052987036, 97.79473901923657, 71.30870550529957, 123.49086124755159, 158.7809091590576, 89.56485653728811, 65.90393913863703, 136.38909998886822, 128.2604837648775, 155.6334765206907, 147.29166681855375, 167.8029986112221], [171.04058016268016, 0.0, 91.9142826547811, 224.6885238699009, 77.75787046895782, 161.68449038246644, 158.14119205972762, 48.125910784609694, 260.1526264308307, 212.79916758564286, 293.9814112818612, 48.496256111252805, 310.64862164425534, 141.45674773304233, 316.1573255487213], [130.29327212547548, 91.9142826547811, 0.0, 200.17218129525423, 51.60219174066505, 86.50755065428821, 67.02827225841575, 48.73731139841793, 214.85799770050434, 191.45835228056333, 266.63293533289504, 90.31773459152733, 237.30070850622968, 186.4442479018575, 296.9496106902616], [71.9859052987036, 224.6885238699009, 200.17218129525423, 0.0, 160.86924226767687, 140.88788671600304, 194.27428529080402, 222.58591822695868, 60.447388205046636, 12.874635931756776, 69.45878384408093, 177.11651915128206, 166.16873282452906, 150.56008170203668, 96.7947228758236], [97.79473901923657, 77.75787046895782, 51.60219174066505, 160.86924226767687, 0.0, 86.13535437308481, 97.93428693253169, 61.81892801166434, 187.2173257341681, 150.55138482115328, 229.7449234543115, 50.058332935562845, 232.9921506386771, 135.99377529005284, 256.85594307046216], [71.30870550529957, 161.68449038246644, 86.50755065428821, 140.88788671600304, 86.13535437308481, 0.0, 53.73919866571336, 130.48698646773073, 137.31825949382878, 136.5134905560916, 198.4939995648579, 134.57445906088495, 151.7330013537659, 195.0895035270018, 233.10023484540918], [123.49086124755159, 158.14119205972762, 67.02827225841575, 194.27428529080402, 97.93428693253169, 53.73919866571336, 0.0, 115.5773844465478, 189.29461812846068, 189.30352311484825, 252.03074140141257, 146.88674162273384, 183.64343487397204, 228.2688382653464, 286.8224907634036], [158.7809091590576, 48.125910784609694, 48.73731139841793, 222.58591822695868, 61.81892801166434, 130.48698646773073, 115.5773844465478, 0.0, 247.62059979751587, 212.06965655868538, 291.55315721092416, 69.07595477552147, 282.21385621207753, 172.1925784147414, 318.26004665832005], [89.56485653728811, 260.1526264308307, 214.85799770050434, 60.447388205046636, 187.2173257341681, 137.31825949382878, 189.29461812846068, 247.62059979751587, 0.0, 71.01537729529677, 69.86255707231349, 215.783456211357, 109.17809332748175, 207.88185190277352, 107.58689909972938], [65.90393913863703, 212.79916758564286, 191.45835228056333, 12.874635931756776, 150.55138482115328, 136.5134905560916, 189.30352311484825, 212.06965655868538, 71.01537729529677, 0.0, 81.18817194310257, 165.01362027937944, 174.08151996620992, 138.2510978758995, 106.3304087268879], [136.38909998886822, 293.9814112818612, 266.63293533289504, 69.45878384408093, 229.7449234543115, 198.4939995648579, 252.03074140141257, 291.55315721092416, 69.86255707231349, 81.18817194310257, 0.0, 246.17739780958638, 168.9143583488427, 206.99557818783654, 37.740003512777456], [128.2604837648775, 48.496256111252805, 90.31773459152733, 177.11651915128206, 50.058332935562845, 134.57445906088495, 146.88674162273384, 69.07595477552147, 215.783456211357, 165.01362027937944, 246.17739780958638, 0.0, 275.9866677307616, 103.1264985745059, 267.7459612184749], [155.6334765206907, 310.64862164425534, 237.30070850622968, 166.16873282452906, 232.9921506386771, 151.7330013537659, 183.64343487397204, 282.21385621207753, 109.17809332748175, 174.08151996620992, 168.9143583488427, 275.9866677307616, 0.0, 299.96712821542616, 204.32286569750752], [147.29166681855375, 141.45674773304233, 186.4442479018575, 150.56008170203668, 135.99377529005284, 195.0895035270018, 228.2688382653464, 172.1925784147414, 207.88185190277352, 138.2510978758995, 206.99557818783654, 103.1264985745059, 299.96712821542616, 0.0, 214.84002903075154], [167.8029986112221, 316.1573255487213, 296.9496106902616, 96.7947228758236, 256.85594307046216, 233.10023484540918, 286.8224907634036, 318.26004665832005, 107.58689909972938, 106.3304087268879, 37.740003512777456, 267.7459612184749, 204.32286569750752, 214.84002903075154, 0.0]], "communication_quality": [[99999.99999999999, 0.014081056563670088, 0.017478213965262144, 0.026759433845571813, 0.022842911514291634, 0.029816790017106933, 0.01899370280479043, 0.01459150764584007, 0.025733839985940206, 0.0312635846652141, 0.015604297465478466, 0.018706365655822472, 0.01468607588567654, 0.01553041897989569, 0.01320690681624138], [0.01270979891913226, 99999.99999999999, 0.021680244499832784, 0.010794884431164904, 0.028087272659651774, 0.013633187742546928, 0.015223187718787976, 0.03416379655325736, 0.00920710803632852, 0.011163575559842924, 0.00804477136709596, 0.04450584173034521, 0.007837003295204044, 0.016490807673444133, 0.00747228240739161], [0.018236243231400454, 0.02338652272856001, 99999.99999999999, 0.011396521844029945, 0.0415305171793832, 0.022274586000762275, 0.0327325947449006, 0.03577358872656291, 0.01131929997305006, 0.012387072177151941, 0.008954278031234077, 0.026013806298195056, 0.010159279110530281, 0.012670225926984321, 0.007933614203227744], [0.027110289960997593, 0.010157129846645326, 0.011364968469373547, 99999.99999999999, 0.013435274000444204, 0.015527838037842565, 0.011369565862240787, 0.010732313239866613, 0.03444013165744708, 0.10498398807953022, 0.03146645119472134, 0.013605764872604608, 0.013461565646569107, 0.014282353648492131, 0.022501916454854023], [0.02051778788191827, 0.027786787347259447, 0.035013285939938875, 0.014213168528956068, 99999.99999999999, 0.024778266503377205, 0.023646854117080677, 0.03133033177112036, 0.012018310938551161, 0.015166484153673478, 0.010433257874924934, 0.035911149778248795, 0.010339163698444257, 0.016066014385712923, 0.009192994611813688], [0.03207722810541409, 0.013875168197422674, 0.024279475200321306, 0.015345768143851067, 0.023651326358909267, 99999.99999999999, 0.03175682726586754, 0.01667051498644718, 0.016794218149790097, 0.017422821965086422, 0.011927382774205731, 0.01702028877388554, 0.015504750425492361, 0.011795508803403246, 0.01045513447402614], [0.01764287066936265, 0.01369510118559222, 0.02847725064962618, 0.011507596857840445, 0.021712328624966203, 0.040553471018044226, 99999.99999999999, 0.017786950645152032, 0.012577086326148533, 0.012446452739362205, 0.009499469143827183, 0.015620210908698124, 0.012573631484791615, 0.010019201558047992, 0.0084376537648799], [0.014877425076772753, 0.045042123116332704, 0.03541854108519182, 0.01083312248732892, 0.028338014450602165, 0.018159666738680736, 0.01943269932403973, 99999.99999999999, 0.009683817969165055, 0.010870495689267293, 0.007898715576608392, 0.030972996190170344, 0.008442340037278293, 0.012682050591651737, 0.007446371551858189], [0.023529989309943978, 0.008783568232638417, 0.011184966700539655, 0.029505553337687025, 0.01284295135698949, 0.01696118976419553, 0.012320074027792838, 0.009319368289866549, 99999.99999999999, 0.028022944163369864, 0.027243248305780492, 0.010581624379897337, 0.018520677240138953, 0.010785460067022527, 0.02039696575837087], [0.0273044727508133, 0.01083568034309597, 0.011760001957450437, 0.1138504790531864, 0.014741655751044221, 0.01724994163493218, 0.01241686067623633, 0.011033217518542884, 0.02948272516565256, 99999.99999999999, 0.023583315474510258, 0.013723005202861425, 0.012667217041396535, 0.015395663419397918, 0.020381820955981567], [0.017308623471280822, 0.00816159201338525, 0.00891879252615313, 0.02895950764634655, 0.009938464179953962, 0.012108500019146443, 0.00901542337156517, 0.008336553608877187, 0.026655903473413973, 0.027767409431904037, 99999.99999999999, 0.009796970746311043, 0.013923400879131626, 0.010814040583308008, 0.04857742500752243], [0.017547380641398214, 0.04017382610736703, 0.0243762889386779, 0.012631909880339225, 0.04094214802817427, 0.015608737355191709, 0.015410772877198243, 0.030086144405985244, 0.010412023231651128, 0.013384850775523757, 0.009616015023236777, 99999.99999999999, 0.008828879998588448, 0.0213381552466886, 0.008556112916030393], [0.01383963419346769, 0.007718501851393993, 0.009743871979427237, 0.013351921966546004, 0.010171280770528411, 0.015377187260273156, 0.012777178042310771, 0.008502633117902433, 0.021678397173285572, 0.01277941632483326, 0.01307151732093962, 0.008824202652160995, 99999.99999999999, 0.008162078904361096, 0.011172088544171937], [0.014516192219712152, 0.015789399127743735, 0.011843489065576607, 0.015706707508598886, 0.01656891895176332, 0.012022924541464539, 0.009900937405531225, 0.013180960964902679, 0.011530957964908035, 0.016104893359095658, 0.011105661842762122, 0.022475356606981887, 0.008155338944516524, 99999.99999999999, 0.011228349271254663], [0.014272965886233344, 0.007506738475458982, 0.008092220809016469, 0.022677232830379535, 0.009224246682304708, 0.010286141380987723, 0.008132366976564175, 0.007686849052138022, 0.019362261513429097, 0.021635684766901468, 0.05048932905759793, 0.008955510442657, 0.011350529920311483, 0.011012877326623951, 99999.99999999999]], "binary_threshold": 0.02}, "global_features": {"formation_type": "wolf_pack_to_circle", "cluster_centroid": [501.8956703591828, 481.05648258523473], "cluster_radius": 114.23112447663122, "velocity_coherence": 0.28195994038526107, "connectivity_density": 0.5333333333333333}}
