{"metadata": {"episode_id": 3, "frame_id": 0, "timestamp": 0.0, "transformation_progress": 0.0, "start_formation": "circle", "target_formation": "bee_swarm", "current_formation": "circle_to_bee_swarm"}, "node_features": {"positions": [[619.4398548226684, 500.41428945941226], [609.6531503863882, 547.9943505502001], [581.5295945907021, 589.4140768797124], [537.5342309438422, 613.5206951571441], [487.99982835249523, 618.8759718435331], [440.81900497824995, 604.1168225238572], [403.5768603010464, 570.4044982676483], [383.27967320225315, 525.0451073266648], [383.01879044490147, 475.6516933387416], [403.6130117463648, 429.4676768379393], [440.808010732046, 395.9573907427438], [488.17818110367733, 380.96133327562006], [537.8759424337799, 386.26818810307117], [581.4963592815922, 410.8192214834981], [610.9291375837266, 450.87075517436716]], "velocities": [[-5.601451773315674, 4.142894594122446], [0.2769546927607043, -8.1404661889589], [12.339218276391998, 2.3669782242501958], [4.521916188484961, -6.060867982742931], [5.432439446135884, -4.666556006597286], [8.190049782499624, 1.9377406972459146], [6.588996260400843, -1.2973200744856208], [6.573852903098066, 0.9570442853368429], [3.965025329581532, 6.010962368727322], [6.950510713585346, 0.019071130360281074], [8.080107320460721, -1.1956080312354378], [7.215966957958144, 3.039607198128401], [7.939031087862818, 3.949700584896323], [12.006865185291174, -0.033994592146085356], [13.0368266661442, -3.2084765653684735]], "speeds": [6.967053723547013, 8.145176098490763, 12.564190924469466, 7.561867938540101, 7.1615740796728735, 8.416160315107195, 6.71549782929305, 6.643152546469694, 7.200909280256148, 6.950536877657574, 8.168085018810567, 7.830031357361074, 8.867262786473773, 12.006913309008791, 13.425839690447937], "headings": [2.5047738149513674, -1.536787474887752, 0.18952336858203395, -0.9298062191147743, -0.7097054666404284, 0.23232478339172866, -0.19440523564131215, 0.1445678247525862, 0.9876794469103901, 0.0027438390193413494, -0.14690336882049893, 0.39867608874208776, 0.46164890315703166, -0.00283125535165109, -0.2413129305889316]}, "edge_features": {"distance_matrix": [[0.0, 23.839733644227803, 46.70050618400105, 63.71818875787947, 80.02241388928663, 90.65833938613663, 100.06240426406401, 100.1831590806338, 103.37462772831425, 98.7492127866574, 90.74695089558296, 75.40796407152652, 63.66205566063218, 47.51525711420649, 24.655347252695275], [22.167796805395593, 0.0, 24.425602312976444, 45.24314428320785, 60.381959756994384, 80.29508234678408, 86.9871633807649, 99.98599074084737, 104.79727032485411, 103.08684682218248, 95.08918655469915, 90.5756727555341, 74.88671195689398, 60.05583862710352, 48.87531222437472], [45.144925161077474, 26.99272739131079, 0.0, 25.111049830911618, 41.46547025631859, 62.3069159762787, 81.45901584905165, 87.52788424619482, 100.35546279156857, 99.57356492045045, 103.96845011892185, 95.17674534557368, 88.01057525512371, 81.22066483998105, 62.802722509623166], [60.60123546130051, 49.32416827855284, 25.357825903411047, 0.0, 24.54266343987608, 41.5380066847616, 61.71241557717966, 75.69211180596866, 91.1512612897553, 97.14730407051923, 104.4582461834234, 97.64390756289764, 96.94005845346244, 87.30947117034155, 80.09963612287834], [78.65651760364258, 59.80552031796827, 41.755394062111236, 24.75040392671753, 0.0, 27.23286179750415, 47.77938437071998, 60.5601718876436, 77.27167207026125, 92.55871150202378, 101.00239617647843, 101.65595089113195, 98.06543043032414, 95.49471924869817, 93.00276355825223], [85.32978190097421, 79.17663269902383, 60.12279469685889, 47.81592976996458, 28.997563728686224, 0.0, 25.65999543810339, 42.35534166479498, 60.41380516263715, 81.2873153015353, 85.5651402308316, 100.90618687470212, 102.28484806473543, 98.402225648341, 96.57092349610558], [100.52133293331914, 88.00435061695642, 80.37504119056261, 64.00317617320378, 47.249740321655274, 28.122284262085273, 0.0, 27.791115469276775, 45.50491314358471, 62.14621598343528, 74.06604722568686, 88.60083176760624, 93.73653329186858, 104.3710685298167, 103.12697771197357], [102.98191098521107, 97.06099768980177, 92.01706883541226, 78.37488146749655, 62.49076431438117, 43.99902583472958, 27.33795923757661, 0.0, 27.679962923131463, 45.884889045733296, 66.35097843962147, 76.7325561448467, 89.6642936414921, 95.58573622956123, 99.71831356562721], [105.2143344487613, 100.72635361987571, 100.53000800148588, 84.97636744415065, 77.03321222671815, 59.88844039780564, 44.34162806032464, 24.7148111000764, 0.0, 23.248640215032733, 46.90298370869645, 66.62963634638604, 79.19986526920853, 87.44088582694798, 98.27540737734321], [100.74233251907363, 103.7119023510791, 104.40676564958903, 93.58792539788423, 87.7582163526822, 79.77288251333194, 59.96568758672791, 45.4505426443284, 27.019442370802974, 0.0, 29.80715238758738, 43.30629612270329, 60.596603846949435, 79.24865370828886, 86.9415240448634], [92.5796851018816, 100.16127919483984, 103.72037471467746, 103.72445109118405, 95.74179344000748, 87.54965682416346, 81.48557899155934, 58.94536622112113, 43.464185992500404, 27.7252215260309, 0.0, 27.8657231357874, 47.30921170264048, 66.64135809404377, 81.48101325197834], [77.1459029646593, 87.34810340928959, 95.93726592618674, 101.76860962651118, 103.38366733462792, 96.17804631124658, 90.42171819271627, 81.2387489506279, 63.03527039567518, 49.00285997182114, 23.44373448355723, 0.0, 24.574909415303104, 45.05350015374783, 63.401728160533544], [64.10543203002874, 74.02739151978834, 87.28273752890236, 95.83003165710873, 99.5518600895602, 101.67714043126884, 93.45153480562834, 86.73828382268914, 76.90890309400595, 59.37922330210293, 44.91136682128486, 25.252088940637787, 0.0, 28.908393586465383, 47.47233132363228], [44.5862329995805, 64.7754825747775, 76.56583083583676, 89.5541087545578, 100.83810869278786, 102.12699544626956, 103.7431194894781, 96.81394868035537, 92.67855795820864, 75.42795605831415, 65.12644776605624, 44.391626905353895, 27.946496509531276, 0.0, 27.620293021768692], [28.722267753757194, 43.93493117830437, 63.08538795146178, 76.65904269191189, 91.74571608279933, 97.84244896818424, 98.37947082764657, 104.21818621061539, 94.43704469110703, 87.95281843903435, 76.19814497927297, 59.90586447364587, 43.35413076753842, 25.46991893035697, 0.0]], "adjacency_matrix": [[0, 1, 1, 0, 0, 0, 0, 0, 0, 0, 0, 0, 0, 1, 1], [1, 0, 1, 1, 0, 0, 0, 0, 0, 0, 0, 0, 0, 0, 1], [1, 1, 0, 1, 1, 0, 0, 0, 0, 0, 0, 0, 0, 0, 0], [0, 1, 1, 0, 1, 1, 0, 0, 0, 0, 0, 0, 0, 0, 0], [0, 0, 1, 1, 0, 1, 1, 0, 0, 0, 0, 0, 0, 0, 0], [0, 0, 0, 1, 1, 0, 1, 1, 0, 0, 0, 0, 0, 0, 0], [0, 0, 0, 0, 1, 1, 0, 1, 1, 0, 0, 0, 0, 0, 0], [0, 0, 0, 0, 0, 1, 1, 0, 1, 1, 0, 0, 0, 0, 0], [0, 0, 0, 0, 0, 0, 1, 1, 0, 1, 1, 0, 0, 0, 0], [0, 0, 0, 0, 0, 0, 0, 1, 1, 0, 1, 1, 0, 0, 0], [0, 0, 0, 0, 0, 0, 0, 0, 1, 1, 0, 1, 1, 0, 0], [0, 0, 0, 0, 0, 0, 0, 0, 0, 1, 1, 0, 1, 1, 0], [0, 0, 0, 0, 0, 0, 0, 0, 0, 0, 1, 1, 0, 1, 1], [1, 0, 0, 0, 0, 0, 0, 0, 0, 0, 0, 1, 1, 0, 1], [1, 1, 0, 0, 0, 0, 0, 0, 0, 0, 0, 0, 1, 1, 0]], "physical_distances": [[0.0, 48.57614432132516, 96.7375314534851, 139.64809426855655, 176.94533266451575, 206.54206197073898, 226.92611514072655, 237.44116865404214, 237.7143366483218, 227.1885737328018, 206.93133985146076, 177.47855005199318, 140.2925666563784, 97.29843297548194, 50.26921620012251], [48.57614432132516, 0.0, 50.065238637249735, 97.44147155656273, 140.79678618155157, 177.9176790432314, 207.29122522686723, 227.5337753762485, 237.90038494820047, 237.69962371045693, 227.20897502605044, 206.5337672684196, 176.93874420642624, 140.0350703209217, 97.13197682563808], [96.7375314534851, 50.065238637249735, 0.0, 50.166932008976275, 98.06028975805052, 141.47664386237167, 178.9651913646144, 208.437989751982, 228.79776937622307, 239.24289192644548, 239.22385661715757, 228.40103484025403, 207.78328487510504, 178.59485848864875, 141.62833444388693], [139.64809426855655, 97.44147155656273, 50.166932008976275, 0.0, 49.82304716162413, 97.17133195587397, 140.72520592894915, 177.8268771192985, 207.08182685833242, 227.61899416293966, 238.09610056482217, 237.73909323997705, 227.25276396361792, 207.41397290793265, 178.44275075518843], [176.94533266451575, 140.79678618155157, 98.06028975805052, 49.82304716162413, 0.0, 49.43543853261765, 97.34845291648786, 140.60775949667092, 177.57874949828235, 207.35630454327338, 227.85908243980728, 237.91470541898948, 237.8949512127124, 228.0991290341844, 208.176290427419], [206.54206197073898, 177.9176790432314, 141.47664386237167, 97.17133195587397, 49.43543853261765, 0.0, 50.23443188604341, 97.7911593420087, 140.8692805996025, 178.56822231626785, 208.159432071452, 228.1255442621438, 238.49125063039088, 239.06919622098098, 228.95810615293203], [226.92611514072655, 207.29122522686723, 178.9651913646144, 140.72520592894915, 97.34845291648786, 50.23443188604341, 0.0, 49.69356246698749, 96.95735288313914, 140.93682606627934, 178.37587248902608, 207.4755316748134, 227.90880672479514, 239.00378382729056, 239.33926262150143], [237.44116865404214, 227.5337753762485, 208.437989751982, 177.8268771192985, 140.60775949667092, 97.7911593420087, 49.69356246698749, 0.0, 49.394102939475005, 97.71637465223841, 141.32638887268183, 178.22410304091215, 207.74753854016788, 228.77370398918532, 239.4287224841348], [237.7143366483218, 237.90038494820047, 228.79776937622307, 207.08182685833242, 177.57874949828235, 140.8692805996025, 96.95735288313914, 49.394102939475005, 0.0, 50.56763125913679, 98.44173834130814, 141.5088751019124, 178.80198133779646, 208.79797589580278, 229.25361770154544], [227.1885737328018, 237.69962371045693, 239.24289192644548, 227.61899416293966, 207.35630454327338, 178.56822231626785, 140.93682606627934, 97.71637465223841, 50.56763125913679, 0.0, 50.064031237273284, 97.48914418650261, 141.041590971343, 178.8581846532192, 208.41801216422758], [206.93133985146076, 227.20897502605044, 239.22385661715757, 238.09610056482217, 227.85908243980728, 208.159432071452, 178.37587248902608, 141.32638887268183, 98.44173834130814, 50.064031237273284, 0.0, 49.68716917469395, 97.55031528726656, 141.47114698964384, 178.76430123065927], [177.47855005199318, 206.5337672684196, 228.40103484025403, 237.73909323997705, 237.91470541898948, 228.1255442621438, 207.4755316748134, 178.22410304091215, 141.5088751019124, 97.48914418650261, 49.68716917469395, 0.0, 49.98029801215151, 97.9784459290879, 141.26260859471617], [140.2925666563784, 176.93874420642624, 207.78328487510504, 227.25276396361792, 237.8949512127124, 238.49125063039088, 227.90880672479514, 207.74753854016788, 178.80198133779646, 141.041590971343, 97.55031528726656, 49.98029801215151, 0.0, 50.0549099092561, 97.52056702981942], [97.29843297548194, 140.0350703209217, 178.59485848864875, 207.41397290793265, 228.0991290341844, 239.06919622098098, 239.00378382729056, 228.77370398918532, 208.79797589580278, 178.8581846532192, 141.47114698964384, 97.9784459290879, 50.0549099092561, 0.0, 49.70325733363375], [50.26921620012251, 97.13197682563808, 141.62833444388693, 178.44275075518843, 208.176290427419, 228.95810615293203, 239.33926262150143, 239.4287224841348, 229.25361770154544, 208.41801216422758, 178.76430123065927, 141.26260859471617, 97.52056702981942, 49.70325733363375, 0.0]], "communication_quality": [[99999.99999999999, 0.041946759785821984, 0.02141303954885591, 0.015694103403642412, 0.012496497249115189, 0.011030423637438504, 0.0099937624667041, 0.009981716581506183, 0.009673552642846172, 0.01012666198052463, 0.011019652780996595, 0.013261197006187603, 0.015707941450262858, 0.021045867165103486, 0.04055913648911666], [0.04511046170596373, 99999.99999999999, 0.04094063179201187, 0.022102791369061403, 0.01656123515056685, 0.012454061272899839, 0.01149594774878759, 0.01000140012192196, 0.009542232364238524, 0.009700557673660853, 0.010516441785526702, 0.011040490886489075, 0.013353502114508581, 0.016651167585844333, 0.020460223165573072], [0.022150879083821746, 0.037047002143691776, 99999.99999999999, 0.03982309017355786, 0.024116445627025338, 0.016049580112180738, 0.012276110468753439, 0.011424929259548295, 0.009964578634161102, 0.010042825125028423, 0.009618301539295415, 0.010506767081617121, 0.011362269630422472, 0.012312136065973043, 0.015922874054035332], [0.01650131102732191, 0.02027403263269001, 0.03943554188965642, 99999.99999999999, 0.04074535736499003, 0.024074331896709315, 0.016204192116049076, 0.013211414558617188, 0.010970774031457664, 0.010293645373191688, 0.009573202124339993, 0.010241293313081655, 0.010315651886299886, 0.01145350982041677, 0.012484449662435856], [0.012713503004341752, 0.0167208616775622, 0.023948995883562717, 0.04040336468557085, 99999.99999999999, 0.03672032855865199, 0.02092952439373775, 0.016512499943531957, 0.012941351517244369, 0.010803952169738376, 0.00990075422809958, 0.009837101447213174, 0.010197272307266123, 0.010471782137794086, 0.010752367501961117], [0.011719236361908705, 0.012629987404256648, 0.016632623927676563, 0.02091352809985231, 0.0344856438458069, 99999.99999999999, 0.038971153081482475, 0.02360976737754682, 0.016552505371626468, 0.012302040893712524, 0.011687001043091385, 0.009910194130512385, 0.00977661815170244, 0.0101623707369179, 0.010355082671333265], [0.009948136095469299, 0.011363073295339901, 0.012441671702691455, 0.015624222164406402, 0.021164132999485604, 0.0355589764718524, 99999.99999999999, 0.0359827097000985, 0.02197564419226978, 0.016091081705694312, 0.013501461228763638, 0.011286574484505795, 0.0106681979608133, 0.009581198298284523, 0.009696782793587743], [0.009710442283783063, 0.010302798454307314, 0.010867547771090029, 0.012759188322636691, 0.016002362124193863, 0.022727770757437236, 0.03657916179909513, 99999.99999999999, 0.036127202970069563, 0.021793662420468745, 0.015071365529241314, 0.013032276258196784, 0.011152710269165027, 0.010461810881283217, 0.010028247209168875], [0.009504407457359518, 0.009927887437432281, 0.009947277637861554, 0.011767976349159315, 0.012981412059551115, 0.016697710382512096, 0.022552166400337956, 0.04046155122672156, 99999.99999999999, 0.0430132498338933, 0.021320600689388115, 0.015008334200084487, 0.01262628251118953, 0.011436296375314752, 0.010175484639870313], [0.009926312759807716, 0.009642093924706182, 0.009577922445916815, 0.010685137948054438, 0.011394943147337622, 0.012535586569496352, 0.016676200565393373, 0.02200193268991606, 0.03701037261142246, 99999.99999999999, 0.03354898352942281, 0.023091325248720554, 0.016502572281113397, 0.012618509299802957, 0.011501982464261349], [0.010801504572892851, 0.009983897052829852, 0.009641306313613105, 0.009640927409792962, 0.01044475834034824, 0.011422088013292163, 0.012272108631424198, 0.016964859062884103, 0.023007442727631416, 0.03606822900869598, 99999.99999999999, 0.03588636965433794, 0.02113752803386716, 0.015005694339720156, 0.012272796291567438], [0.01296244948786985, 0.011448444173193196, 0.01042347711404054, 0.009826211691481915, 0.009672706811958741, 0.010397382088528077, 0.011059288734989615, 0.012309395329484793, 0.015864131859538923, 0.020406968011772476, 0.042655301959180256, 99999.99999999999, 0.04069189335275247, 0.022195828839693944, 0.01577243824874319], [0.015599299659014482, 0.013508511435899704, 0.011457017890836503, 0.010435141034145834, 0.010045014715448003, 0.009835051393144367, 0.010700732685371002, 0.01152893325345095, 0.01300239412794324, 0.016840904545067353, 0.02226607311504353, 0.03960066853653565, 99999.99999999999, 0.034592017404523494, 0.021064897414322145], [0.022428442782438714, 0.015437937408898738, 0.013060654582819502, 0.011166432252442945, 0.009916884735291297, 0.009791729382745036, 0.00963919254143401, 0.010329089044913841, 0.0107899811362097, 0.01325768216031292, 0.015354742669901472, 0.022526765618759916, 0.035782647811773746, 99999.99999999999, 0.03620525086969028], [0.03481618026861358, 0.022760927252448732, 0.015851528760576335, 0.013044773772758967, 0.010899690292902721, 0.010220511734329708, 0.010164721256782444, 0.009595253385302236, 0.01058906382956232, 0.011369730999534177, 0.013123677341951585, 0.016692853727390718, 0.023065847512972828, 0.03926198627150958, 99999.99999999999]], "binary_threshold": 0.02}, "global_features": {"formation_type": "circle_to_bee_swarm", "cluster_centroid": [500.6501087269155, 499.98547139761024], "cluster_radius": 119.8634671753277, "velocity_coherence": 0.7228109958486244, "connectivity_density": 0.5777777777777777}}
{"metadata": {"episode_id": 3, "frame_id": 1, "timestamp": 0.1, "transformation_progress": 0.0125, "start_formation": "circle", "target_formation": "bee_swarm", "current_formation": "circle_to_bee_swarm"}, "node_features": {"positions": [[619.8173788021634, 499.3865238643085], [608.9376690734634, 548.4975061480056], [583.2893847203084, 588.2415694531937], [539.717002099364, 611.6431568288763], [489.48254017298507, 617.8887879718062], [442.2166881615302, 602.891253444348], [406.19029937985283, 571.1652012811904], [384.9688060820879, 525.1489917526669], [385.2028178041123, 475.6051543286244], [405.9579779459796, 430.1497524194374], [442.2331212711347, 397.21889958353864], [490.0050131509258, 381.634194629039], [540.3355061724785, 387.87587843892965], [582.3201149831068, 411.63681043256014], [613.3331407278818, 452.0963272699791]], "velocities": [[3.775239794949731, -10.277655951037286], [-7.154813129248311, 5.031555978055202], [17.59790129606272, -11.725074265186837], [21.82771155521781, -18.7753832826788], [14.82711820489822, -9.871838717268917], [13.976831832802905, -12.255690795092015], [26.13439078806443, 7.607030135421844], [16.891328798347452, 1.0388442600202823], [21.840273592108336, -0.46539010117217494], [23.44966199614831, 6.820755814981318], [14.25110539088702, 12.615088407947948], [18.268320472484262, 6.728613534188973], [24.59563738698692, 16.076903358584616], [8.237557015146537, 8.175889490620253], [24.04003144155115, 12.255720956119221]], "speeds": [10.949093449106378, 8.746879813668818, 21.146240719099758, 28.79173508403555, 17.812822177347243, 18.589077033229913, 27.218987662006885, 16.923243955295895, 21.845231482509263, 24.421493763101466, 19.032458075679866, 19.468070602344206, 29.383876532435572, 11.606141242489885, 26.983806400599374], "headings": [-1.2187713580890742, 2.5286950152029415, -0.5877326828206851, -0.7103645265937231, -0.5873997194062439, -0.71988110657969, 0.2832474139535636, 0.06142426357280857, -0.021305579312353988, 0.28305788159104367, 0.7245782625327307, 0.3529026498778491, 0.578935850113686, 0.7816410466736935, 0.4714605659006782]}, "edge_features": {"distance_matrix": [[0.0, 27.826249978255678, 41.71015037898594, 60.77309676324044, 74.13209827141526, 87.95261150464931, 92.97842344694881, 97.31845878635973, 97.86726034444939, 99.21770760863383, 89.16474107674203, 77.46791556780984, 58.218095760926055, 42.05426775573548, 22.53861089140251], [24.110242841479366, 0.0, 24.586221467261257, 40.61173490195388, 59.280060792010445, 79.57268430649518, 89.10244407417967, 95.11562213843894, 98.87683720778494, 97.38824977173715, 94.40756941630615, 86.20608603711072, 78.17242466267345, 60.01812288090233, 46.692737326957094], [48.54761609425022, 28.082492418120076, 0.0, 26.11772572759063, 47.2987701166856, 66.75907268423914, 79.35239301466501, 85.40331017982007, 95.33112033124982, 101.55631806614458, 100.59260010039736, 94.68560848463495, 85.2059321613582, 77.4717395790909, 64.47035762613865], [57.62826319804332, 45.56224249486792, 26.64818960254853, 0.0, 22.94898802359074, 41.84009298990602, 59.43878890301686, 80.05300023632076, 89.07989966523719, 95.55466380676229, 102.576837622425, 96.82181596328432, 94.54428079396526, 88.68624955186746, 80.42776786927608], [76.91751045964004, 60.519554308999574, 48.782123701937536, 25.614424182337775, 0.0, 26.769976660123387, 44.17053814534918, 64.18855635425828, 78.9732692530238, 89.61003483907236, 93.71034328760543, 102.98990867776679, 102.18752129930047, 99.31754808446752, 88.42936236266574], [88.18588908775999, 74.35601298430282, 64.23586877459653, 45.272258019176235, 25.218920123570463, 0.0, 29.029667757134956, 43.92230265482026, 61.09436693570315, 79.41951299123907, 91.42681978000755, 99.20016417735857, 99.74199096086055, 99.19007128785834, 96.33854039984763], [98.15452861381664, 89.37563132285202, 75.93310177756922, 59.70830675004504, 48.395869543175664, 21.71117687724342, 0.0, 26.860145472328313, 44.262416290737015, 64.40033669552072, 73.28612955594288, 89.62735378969917, 94.35851322033572, 98.83193880164036, 102.19657872160938], [104.07843960555638, 95.994496280176, 90.96251647241347, 76.94021980104914, 60.91394537521158, 43.86372435187994, 29.690709700056974, 0.0, 23.501814652047198, 41.215958469319816, 65.54580664490838, 81.40850183212234, 86.96235501235759, 95.41181219567757, 101.74401958594842], [99.38031171223888, 98.1436216354166, 100.09010049311848, 87.80307557530294, 76.72137436058932, 65.83445411576857, 49.25151275407443, 28.046436396997212, 0.0, 23.498484631107523, 48.530273320627316, 61.31041144856808, 81.29809717111007, 92.18297828517143, 94.8042749088006], [95.30001356446664, 97.39741779443179, 99.84623455212954, 97.28807199036889, 89.09153321599402, 79.57770847696672, 62.50234188149457, 48.177788507026, 28.22762611599464, 0.0, 28.431189084672113, 43.454574631570985, 59.388065317752066, 73.94779763830515, 89.39719132976337], [84.26546483498403, 92.983886905233, 100.71657306706886, 100.50026867200135, 100.11303931242531, 86.38200798273101, 77.91314699460794, 59.69002229556131, 43.22415890063074, 28.762281624714056, 0.0, 25.445127388309043, 48.52765699805947, 60.598615995732885, 78.75315351243796], [75.14203990615987, 85.29054836288921, 94.14870693202926, 96.9223066592536, 104.08415900455559, 93.54836999721628, 86.22677472341407, 81.5594149765686, 66.22982541542291, 46.67354923792741, 29.44285630922153, 0.0, 22.84331257172386, 47.59744579597063, 65.35873181684252], [64.63089951091133, 77.58500553327745, 86.03242377549721, 96.7277459021539, 99.53788681285414, 103.63737443848093, 94.79007908838375, 91.1676312718608, 75.28451996151719, 61.68217068876662, 48.027066203720906, 25.845811148617752, 0.0, 23.337789255611664, 46.6143572007555], [40.32912204057147, 61.072995701385366, 77.92791864575001, 85.63384726192353, 94.00208977301733, 103.31706413132646, 99.91478517290423, 99.80712819410485, 89.81472156859165, 77.70513955125148, 61.859037064672776, 48.85381754136617, 28.065935002909384, 0.0, 24.8929517257379], [22.669737374965383, 44.22687118274406, 59.29156369494699, 78.84924752943581, 86.98418481303509, 99.54350004048882, 104.98560411793846, 99.44871733282041, 98.56440249030203, 92.99585508356277, 75.46502470819655, 64.50562641957876, 47.93991676105392, 27.613707016122664, 0.0]], "adjacency_matrix": [[0, 1, 1, 0, 0, 0, 0, 0, 0, 0, 0, 0, 0, 1, 1], [1, 0, 1, 1, 0, 0, 0, 0, 0, 0, 0, 0, 0, 0, 1], [1, 1, 0, 1, 1, 0, 0, 0, 0, 0, 0, 0, 0, 0, 0], [0, 1, 1, 0, 1, 1, 0, 0, 0, 0, 0, 0, 0, 0, 0], [0, 0, 1, 1, 0, 1, 1, 0, 0, 0, 0, 0, 0, 0, 0], [0, 0, 0, 1, 1, 0, 1, 1, 0, 0, 0, 0, 0, 0, 0], [0, 0, 0, 0, 1, 1, 0, 1, 1, 0, 0, 0, 0, 0, 0], [0, 0, 0, 0, 0, 1, 1, 0, 1, 1, 0, 0, 0, 0, 0], [0, 0, 0, 0, 0, 0, 1, 1, 0, 1, 1, 0, 0, 0, 0], [0, 0, 0, 0, 0, 0, 0, 1, 1, 0, 1, 1, 0, 0, 0], [0, 0, 0, 0, 0, 0, 0, 0, 1, 1, 0, 1, 1, 0, 0], [0, 0, 0, 0, 0, 0, 0, 0, 0, 1, 1, 0, 1, 1, 0], [0, 0, 0, 0, 0, 0, 0, 0, 0, 0, 1, 1, 0, 1, 1], [1, 0, 0, 0, 0, 0, 0, 0, 0, 0, 0, 1, 1, 0, 1], [1, 1, 0, 0, 0, 0, 0, 0, 0, 0, 0, 0, 1, 1, 0]], "physical_distances": [[0.0, 50.30165667898405, 96.0703569174535, 137.90439439144805, 176.15321955359514, 205.56078021224522, 225.36350102495072, 236.25739535590264, 235.81676312192266, 224.78784187467792, 204.87652860692288, 175.2622643819882, 136.9379133764861, 95.42566217359925, 47.73267263975786], [50.30165667898405, 0.0, 47.301427655696585, 93.69564523631674, 138.14730476480537, 175.3697956353247, 204.0105887456056, 225.182603044993, 235.30953789908116, 234.9615837170123, 225.11246758468468, 204.9105692146319, 174.65842104692885, 139.42504874472456, 96.50133398113243], [96.0703569174535, 47.301427655696585, 0.0, 49.458940738431515, 98.38029096224525, 141.8313045678061, 177.92045519942826, 208.11469259111814, 227.8711258688975, 237.56988538448456, 237.45848029155312, 226.69049673690208, 204.91814418914998, 176.60741884915117, 139.42078124931294], [137.90439439144805, 93.69564523631674, 49.458940738431515, 0.0, 50.621231448932065, 97.89232365629216, 139.52722037102703, 177.28013076154886, 205.86639179984073, 225.4580501703006, 235.5437732493626, 235.3197920648746, 223.76813317658153, 204.49343223240234, 175.71148707147444], [176.15321955359514, 138.14730476480537, 98.38029096224525, 50.621231448932065, 0.0, 49.58817206019045, 95.50230850391318, 139.72755782733142, 176.4054786565212, 205.48065107290884, 225.67168016357965, 236.25517106207218, 235.56732095671697, 226.18287630913753, 206.94470585974278], [205.56078021224522, 175.3697956353247, 141.8313045678061, 97.89232365629216, 49.58817206019045, 0.0, 48.0046151375882, 96.54625448726405, 139.47161876607822, 176.50586461314666, 205.6723545173076, 226.35902915698588, 236.3449046131231, 237.08064488460053, 228.07882431042518], [225.36350102495072, 204.0105887456056, 177.92045519942826, 139.52722037102703, 95.50230850391318, 48.0046151375882, 0.0, 50.67389186908837, 97.83760502214204, 141.0156402351538, 177.6412139233944, 207.23635956825908, 227.13412859676285, 237.63631757622738, 238.92583259252734], [236.25739535590264, 225.182603044993, 208.11469259111814, 177.28013076154886, 139.72755782733142, 96.54625448726405, 50.67389186908837, 0.0, 49.544390077848384, 97.29029144485182, 140.1617290007231, 177.84572468531223, 207.32274148250966, 227.66764028511864, 239.76438669292878], [235.81676312192266, 235.30953789908116, 227.8711258688975, 205.86639179984073, 176.4054786565212, 139.47161876607822, 97.83760502214204, 49.544390077848384, 0.0, 49.96969316736174, 96.93740478526408, 140.76235795258884, 178.22058480581526, 207.2370089244611, 229.33841629124547], [224.78784187467792, 234.9615837170123, 237.56988538448456, 225.4580501703006, 205.48065107290884, 176.50586461314666, 141.0156402351538, 97.29029144485182, 49.96969316736174, 0.0, 48.99313310822408, 97.04464680988308, 140.87015480073612, 177.33113770940486, 208.53323544819142], [204.87652860692288, 225.11246758468468, 237.45848029155312, 235.5437732493626, 225.67168016357965, 205.6723545173076, 177.6412139233944, 140.1617290007231, 96.93740478526408, 48.99313310822408, 0.0, 50.24974310673893, 98.54628337710167, 140.82699301095812, 179.6851377481725], [175.2622643819882, 204.9105692146319, 226.69049673690208, 235.3197920648746, 236.25517106207218, 226.35902915698588, 207.23635956825908, 177.84572468531223, 140.76235795258884, 97.04464680988308, 50.24974310673893, 0.0, 50.71604425204336, 97.06819757953504, 142.0378090085431], [136.9379133764861, 174.65842104692885, 204.91814418914998, 223.76813317658153, 235.56732095671697, 236.3449046131231, 227.13412859676285, 207.32274148250966, 178.22058480581526, 140.87015480073612, 98.54628337710167, 50.71604425204336, 0.0, 48.24198654893287, 97.22613176891099], [95.42566217359925, 139.42504874472456, 176.60741884915117, 204.49343223240234, 226.18287630913753, 237.08064488460053, 237.63631757622738, 227.66764028511864, 207.2370089244611, 177.33113770940486, 140.82699301095812, 97.06819757953504, 48.24198654893287, 0.0, 50.97823328209269], [47.73267263975786, 96.50133398113243, 139.42078124931294, 175.71148707147444, 206.94470585974278, 228.07882431042518, 238.92583259252734, 239.76438669292878, 229.33841629124547, 208.53323544819142, 179.6851377481725, 142.0378090085431, 97.22613176891099, 50.97823328209269, 0.0]], "communication_quality": [[99999.99999999999, 0.0359372765431442, 0.023974973745337396, 0.01645464668929622, 0.013489431547511942, 0.0113697577501671, 0.010755182281819958, 0.01027554186241123, 0.01021792062331404, 0.010078845029922165, 0.01121519420986577, 0.012908568193486375, 0.017176786962229965, 0.023778793819937073, 0.04436828698695828], [0.04147613078032912, 99999.99999999999, 0.040673171133672456, 0.024623418728110073, 0.016869075671461183, 0.012567125051066346, 0.0112230354415096, 0.010513518940236024, 0.010113591080615141, 0.010268178139170405, 0.010592369873083296, 0.01160010771824665, 0.012792233020695336, 0.01666163127707357, 0.021416602304372666], [0.0205983295261153, 0.03560936219682316, 99999.99999999999, 0.038288158300935925, 0.02114219431310935, 0.014979235181074253, 0.012602012818883271, 0.011709146645522216, 0.010489752891057426, 0.009846752231418713, 0.009941088107783871, 0.010561265966301676, 0.01173627067119634, 0.012907931025606955, 0.015511001981545446], [0.01735259351886937, 0.021947993025863654, 0.03752598730551252, 99999.99999999999, 0.043574887189934665, 0.02390051478222344, 0.01682402771347461, 0.012491722635388058, 0.011225875775559334, 0.010465212847906046, 0.00974878857343032, 0.010328249752067356, 0.010577053268919648, 0.011275703869494664, 0.012433515216911224], [0.013000939110156538, 0.016523582273233497, 0.020499308335098138, 0.039040487597010516, 99999.99999999999, 0.037355267027069594, 0.022639519815542346, 0.015579098534168457, 0.012662510781603527, 0.01115946322530991, 0.010671179489964261, 0.009709688218404988, 0.009785929724352245, 0.010068713118676567, 0.011308459771701296], [0.011339681404221208, 0.013448809657438353, 0.015567623874330364, 0.022088577483602635, 0.039652752717902424, 99999.99999999999, 0.034447506044197086, 0.022767471463965704, 0.01636811847762059, 0.012591362455177576, 0.01093770835548179, 0.010080627461521531, 0.010025866639595558, 0.010081653195725408, 0.010380060690653507], [0.010188015899442432, 0.011188730902502794, 0.013169485308718795, 0.016748085600641983, 0.020662916129210233, 0.0460592046696512, 99999.99999999999, 0.03722986641049838, 0.022592525620523295, 0.01552786671674166, 0.013645144990024359, 0.011157306850465789, 0.010597876756346738, 0.010118185588013038, 0.00978506242242654], [0.009608136975424482, 0.010417262807533308, 0.01099353809508879, 0.012997101809882613, 0.01641659934641088, 0.022797876532305358, 0.03368055776694699, 99999.99999999999, 0.042549887713203234, 0.024262440921274872, 0.015256503789058828, 0.012283727800628065, 0.011499227279040734, 0.010480881477655113, 0.009828586542812798], [0.01006235422436601, 0.01018914812236411, 0.009990997063278826, 0.011389121389616378, 0.013034175651732448, 0.015189612514222343, 0.020303940753126724, 0.03565514097026798, 99999.99999999999, 0.042555917546998556, 0.02060569054157901, 0.016310440808808942, 0.012300409379707649, 0.010847988534570648, 0.010548046440748702], [0.010493176838760592, 0.01026721159526525, 0.010015399221929691, 0.01027875130788369, 0.011224409903593146, 0.012566331620696612, 0.01599939794099293, 0.020756448633786475, 0.03542627501257073, 99999.99999999999, 0.03517262838693012, 0.02301253155400021, 0.01683839718073981, 0.013523051351180254, 0.011186032505774494], [0.011867256452993196, 0.010754550339175141, 0.009928851531173205, 0.009950221165691083, 0.009988707834472954, 0.01157648343200218, 0.012834802728751012, 0.016753215931403713, 0.02313520480402823, 0.03476774427600713, 99999.99999999999, 0.03930023975659323, 0.02060680147759809, 0.016502024320987345, 0.012697902603519717], [0.013308127756014594, 0.011724627194316857, 0.010621493660098956, 0.010317541248169552, 0.009607609010705861, 0.010689655983671303, 0.011597324464870827, 0.012260998655732214, 0.01509893530200636, 0.021425406939768795, 0.03396408452552051, 99999.99999999999, 0.043776468894145444, 0.02100952631347693, 0.015300172130031832], [0.01547247296328353, 0.01288908680531338, 0.011623523316909915, 0.010338294222514184, 0.0100464248494234, 0.009649027765589735, 0.010549626122490342, 0.010968804128846682, 0.013282941402585164, 0.016212137587121932, 0.02082158813412266, 0.03869097422944446, 99999.99999999999, 0.04284894171242587, 0.02145261343339211], [0.024795971284330913, 0.01637384616191104, 0.012832369823992973, 0.011677624154443438, 0.010638060239235669, 0.009678942308498775, 0.010008527748763166, 0.01001932344814056, 0.011134030938302125, 0.012869159969127098, 0.016165784108418513, 0.020469225244496278, 0.03563036982707468, 99999.99999999999, 0.04017199765209365], [0.04411165168537865, 0.022610683214763252, 0.01686580297471887, 0.012682427600877311, 0.01149634140029016, 0.010045858334644367, 0.009525114544518667, 0.010055432852884549, 0.01014564967957773, 0.01075316627359115, 0.013251169947337028, 0.015502521260242614, 0.020859439460228658, 0.03621388599789502, 99999.99999999999]], "binary_threshold": 0.02}, "global_features": {"formation_type": "circle_to_bee_swarm", "cluster_centroid": [502.2671640364917, 500.07200052310026], "cluster_radius": 118.98010051630077, "velocity_coherence": 0.7171640837670222, "connectivity_density": 0.4711111111111111}}
