{"metadata": {"episode_id": 11, "frame_id": 0, "timestamp": 0.0, "transformation_progress": 0.0, "start_formation": "v_shape", "target_formation": "bee_swarm", "current_formation": "v_shape_to_bee_swarm"}, "node_features": {"positions": [[499.63747602563495, 500.2917978792992], [475.4312441075094, 458.2381035227394], [474.5307637877516, 544.9028966446676], [449.93751610558803, 413.69785302981524], [451.1657478200907, 585.3408792791638], [425.691236094705, 371.69438900695303], [425.4280743660095, 629.0000670547345], [400.1117223706149, 327.0189569050572], [400.2884257087666, 673.1063576504304], [375.2771439195251, 284.4544774713876], [375.8698054193163, 714.9878280975287], [351.29121030460556, 241.8861925963848], [350.45569282829126, 758.4944528977924], [325.19259618435893, 197.51798529220514], [325.45678123274433, 802.6368534723823]], "velocities": [[-3.6252397436502246, 2.9179787929921623], [4.312441075093933, 15.39373711961357], [-4.692362122483875, 16.016264554457205], [-0.6248389441198974, 3.003934082590856], [11.65747820090683, -12.616610992800751], [6.912360947050102, 15.9819957461883], [4.280743660095466, -9.037435129313653], [1.1172237061493226, 2.240376619449421], [2.8842570876664495, -0.9872310645731446], [2.7714391952511503, 9.608284174972432], [8.698054193162983, -15.185228485810756], [12.912103046055716, 16.93813731716399], [4.5569282829126765, -13.131682375392167], [1.9259618435890506, 6.268766167586499], [4.5678123274434865, -4.720378521711742]], "speeds": [4.65370427028761, 15.986378280709049, 16.689487486645106, 3.068231360024833, 17.177766762541594, 17.41278041822972, 10.000000000000002, 2.5034928013792337, 3.048534750107397, 10.0, 17.499923168787873, 21.298424844271103, 13.899880480917624, 6.557953818596015, 6.568628688469323], "headings": [2.4638671356773596, 1.2976554236947353, 1.8557955998658948, 1.7758788179869085, -0.8248902367599621, 1.1625825114630266, -1.1284353584273745, 1.1082078870246488, -0.3297831707743683, 1.2899760161248046, -1.050619192788623, 0.9194635706904557, -1.2367806708829234, 1.2727184896559764, -0.8018225110220628]}, "edge_features": {"distance_matrix": [[0.0, 24.534285119557047, 29.466221518754036, 42.97546310163792, 49.17554678618838, 67.4047488528662, 68.64404784138225, 88.2885140582147, 87.04032981288306, 108.3599212073469, 101.6723569684549, 122.82276034718447, 127.50887605746493, 145.31374886525074, 147.68771845342184], [23.848988271462684, 0.0, 42.38910886772823, 26.615219914180962, 57.18905964503067, 49.905600236889164, 79.73976966816856, 70.05595203667373, 96.92051673115556, 89.06623456679198, 118.24716157238989, 107.2570852015813, 139.22560372955618, 123.94441006987174, 153.3895234094665], [29.753286222118742, 40.73959379387247, 0.0, 56.91818693000845, 22.371592050365702, 76.35913467806712, 48.01377456657916, 96.85461507915844, 66.10797907435087, 116.13700396948875, 86.35081975913225, 136.18779824895398, 109.03956054161598, 155.40369233773322, 129.36381096489885], [45.555418088307285, 26.931679469001164, 62.67827210675174, 0.0, 72.39871354443218, 24.593040664573994, 92.59981170400587, 44.607773790591274, 110.36982825301592, 68.05724080297314, 129.76041918465728, 83.61241754007287, 147.05232901443227, 107.37518495949908, 172.01381576314225], [46.56746102124843, 61.61936084253093, 28.86684372814698, 77.01323475156401, 0.0, 94.95334017771624, 24.93098028957249, 108.2428136720543, 46.73994192465078, 132.30536467323495, 67.57970994090797, 149.13097392074312, 84.36658544016224, 167.46186791862297, 104.30211941095567], [62.90890601895318, 46.251325941558214, 77.6566646720169, 25.774582492229154, 91.69103399948621, 0.0, 111.7687922237102, 29.47165045753216, 124.52044112974063, 47.96121851679492, 143.75485598510932, 62.49416968289003, 165.46353099260946, 83.77668552328349, 180.119004276925], [68.90542651862755, 76.77114338524022, 41.25372308648661, 95.88021164159659, 28.97623570435906, 107.153909190674, 0.0, 128.2054240775175, 28.2598684257047, 146.14908235793084, 42.41702102437006, 163.87126315989715, 62.349866061703054, 182.4389699714901, 90.42341638239127], [89.90572543647748, 62.95448364175884, 101.87630772712022, 43.21025080619728, 112.6527020507002, 23.605447959762735, 129.95853999302022, 0.0, 146.2655739214377, 27.264809784241297, 165.1871361581497, 45.36631633238725, 182.00673469980416, 69.37876408718866, 198.0283156396884], [88.76781487290515, 94.21109453342808, 64.88380271699248, 115.44438993795359, 43.33255965544483, 126.54189317653442, 27.490615978858507, 146.14227533238207, 0.0, 165.08089406007628, 25.09814813255506, 178.1187008385849, 49.73877097523934, 197.4194766016634, 63.82051863954581], [103.6380449005079, 83.22118505461957, 113.90791481664279, 63.30775063696515, 131.0581467722759, 44.11767323505417, 147.50412210694344, 22.669492596341726, 161.69748594516838, 0.0, 175.33730613314881, 26.229951908325823, 193.34051700325452, 45.84017502569484, 212.363746793011], [104.9909536562953, 114.93034261116419, 83.95530041157197, 131.42378074028363, 68.19109825689333, 148.6969474793089, 47.704869405208925, 165.2942165656063, 22.25239715567419, 182.07932593547957, 0.0, 195.47528537132078, 28.554854983928863, 211.4720203176116, 44.54502539609342], [123.59849239634615, 105.11201616247511, 138.32231096541045, 86.90103194285707, 147.87605379551817, 67.0748731813621, 163.96062459555486, 42.3590978809435, 180.06330253321727, 28.965006394018758, 196.09607243562817, 0.0, 215.51690529072187, 27.57430323671325, 229.2189990711277], [122.43285870986391, 135.61786894496382, 107.586591051052, 149.51110056240034, 85.64545474855481, 162.78702972112774, 65.85128014751099, 181.30821162717717, 42.3190841059249, 194.74912520741387, 29.310541074018662, 215.59364593341763, 0.0, 231.1558258771656, 23.502075517530027], [143.48832882360358, 124.68393574764879, 160.1600180559851, 107.25700377744435, 168.04395809186852, 82.78364322217152, 182.990725465198, 65.1497021841108, 195.99418349577923, 46.51073117332999, 214.68473594054177, 27.710687341576236, 229.25392299192524, 0.0, 244.40223400697707], [142.58323166474392, 157.21055038151508, 124.82671083501697, 167.11992450733052, 106.8310601301226, 180.49953496527908, 85.88800576154074, 201.76373660308664, 63.89431864478585, 212.44303864494617, 45.32236663253662, 229.32967204227103, 24.08687676803356, 246.83621660929484, 0.0]], "adjacency_matrix": [[0, 1, 1, 1, 1, 0, 0, 0, 0, 0, 0, 0, 0, 0, 0], [1, 0, 1, 1, 0, 1, 0, 0, 0, 0, 0, 0, 0, 0, 0], [1, 1, 0, 0, 1, 0, 1, 0, 0, 0, 0, 0, 0, 0, 0], [1, 1, 0, 0, 0, 1, 0, 1, 0, 0, 0, 0, 0, 0, 0], [1, 0, 1, 0, 0, 0, 1, 0, 1, 0, 0, 0, 0, 0, 0], [0, 1, 0, 1, 0, 0, 0, 1, 0, 1, 0, 0, 0, 0, 0], [0, 0, 1, 0, 1, 0, 0, 0, 1, 0, 1, 0, 0, 0, 0], [0, 0, 0, 1, 0, 1, 0, 0, 0, 1, 0, 1, 0, 0, 0], [0, 0, 0, 0, 1, 0, 1, 0, 0, 0, 1, 0, 1, 0, 0], [0, 0, 0, 0, 0, 1, 0, 1, 0, 0, 0, 1, 0, 1, 0], [0, 0, 0, 0, 0, 0, 1, 0, 1, 0, 0, 0, 1, 0, 1], [0, 0, 0, 0, 0, 0, 0, 1, 0, 1, 0, 0, 0, 1, 0], [0, 0, 0, 0, 0, 0, 0, 0, 1, 0, 1, 0, 0, 0, 1], [0, 0, 0, 0, 0, 0, 0, 0, 0, 1, 0, 1, 0, 0, 0], [0, 0, 0, 0, 0, 0, 0, 0, 0, 0, 1, 0, 1, 0, 0]], "physical_distances": [[0.0, 48.52272532235834, 51.19079148098159, 99.84286304313265, 97.89205627727382, 148.341969680209, 148.56935703171064, 199.8220534873083, 199.33666463486713, 249.10086527832345, 247.81610455896742, 297.95984862897825, 298.2009649490394, 349.4323935918964, 348.92900005605526], [48.52272532235834, 0.0, 86.6694711629931, 51.320211236981265, 129.39833814644854, 99.81925124595841, 177.93247363395943, 151.2993549019535, 227.62866644776625, 200.5781455393904, 275.37774264252545, 249.43716113296225, 325.22724940813055, 300.9096731245443, 375.6365776670996], [51.19079148098159, 86.6694711629931, 0.0, 133.49004195643795, 46.70283086405857, 179.9624588167324, 97.38279200879323, 230.24249156465382, 148.14875017120605, 278.719680156976, 196.6287583582385, 327.1194131735532, 247.01412132958484, 378.12453628202604, 297.74123795148176], [99.84286304313265, 51.320211236981265, 133.49004195643795, 0.0, 171.64742064237106, 48.49920704801291, 216.69276891123508, 99.9792016107684, 264.1170279378735, 149.25823696097385, 310.2606562917842, 198.11698642234936, 358.86115482605976, 249.58972386940223, 408.37360274599826], [97.89205627727382, 129.39833814644854, 46.70283086405857, 171.64742064237106, 0.0, 215.15987905109228, 50.680889021912925, 263.3186835255897, 101.4459516144271, 310.3090507781033, 149.92601602101104, 357.6814854703804, 200.3114455874978, 407.76933679895404, 251.03841275995683], [148.341969680209, 99.81925124595841, 179.9624588167324, 48.49920704801291, 215.15987905109228, 0.0, 257.3058126232752, 51.4801491436458, 302.4805408898901, 100.75903361277749, 346.8898388208818, 149.61795244198512, 394.0490786647645, 201.09051751594913, 442.44587648774876], [148.56935703171064, 177.93247363395943, 97.38279200879323, 216.69276891123508, 50.680889021912925, 257.3058126232752, 0.0, 303.0404404788018, 50.76777328898311, 348.1763621011401, 99.2467484109452, 394.14899011796797, 149.63172777959878, 442.9717123795042, 200.35965923355204], [199.8220534873083, 151.2993549019535, 230.24249156465382, 99.9792016107684, 263.3186835255897, 51.4801491436458, 303.0404404788018, 0.0, 346.0874458554633, 49.279723987687085, 388.7255015455433, 98.13781104764531, 434.32341050429795, 149.61075201062548, 481.44131913601444], [199.33666463486713, 227.62866644776625, 148.14875017120605, 264.1170279378735, 101.4459516144271, 302.4805408898901, 50.76777328898311, 346.0874458554633, 0.0, 389.45583598586103, 48.48016691031007, 433.99488230461895, 98.86570728169285, 481.48071979499326, 149.59252776414505], [249.10086527832345, 200.5781455393904, 278.719680156976, 149.25823696097385, 310.3090507781033, 100.75903361277749, 348.1763621011401, 49.279723987687085, 389.45583598586103, 0.0, 430.5337585474862, 48.86086254435872, 474.6893749985784, 100.3315284158334, 520.5718426272003], [247.81610455896742, 275.37774264252545, 196.6287583582385, 310.2606562917842, 149.92601602101104, 346.8898388208818, 99.2467484109452, 388.7255015455433, 48.48016691031007, 430.5337585474862, 0.0, 473.7396593612045, 50.38554872481016, 519.9453988149236, 101.11293021566347], [297.95984862897825, 249.43716113296225, 327.1194131735532, 198.11698642234936, 357.6814854703804, 149.61795244198512, 394.14899011796797, 98.13781104764531, 433.99488230461895, 48.86086254435872, 473.7396593612045, 0.0, 516.6089359477825, 51.47499857585426, 561.345456379881], [298.2009649490394, 325.22724940813055, 247.01412132958484, 358.86115482605976, 200.3114455874978, 394.0490786647645, 149.63172777959878, 434.32341050429795, 98.86570728169285, 474.6893749985784, 50.38554872481016, 516.6089359477825, 0.0, 561.5450304822251, 50.729647243495876], [349.4323935918964, 300.9096731245443, 378.12453628202604, 249.58972386940223, 407.76933679895404, 201.09051751594913, 442.9717123795042, 149.61075201062548, 481.48071979499326, 100.3315284158334, 519.9453988149236, 51.47499857585426, 561.5450304822251, 0.0, 605.1189258496204], [348.92900005605526, 375.6365776670996, 297.74123795148176, 408.37360274599826, 251.03841275995683, 442.44587648774876, 200.35965923355204, 481.44131913601444, 149.59252776414505, 520.5718426272003, 101.11293021566347, 561.345456379881, 50.729647243495876, 605.1189258496204, 0.0]], "communication_quality": [[99999.99999999999, 0.040759271669593186, 0.03393715274936129, 0.023269086477186146, 0.020335306102337077, 0.01483574775755581, 0.014567903347303972, 0.01132650036533209, 0.011488925734317819, 0.0092285034593322, 0.009835514110832713, 0.008141812769515694, 0.007842590668930526, 0.006881660813187681, 0.006771043271312706], [0.04193048230443219, 99999.99999999999, 0.0235909598196749, 0.03757247272424223, 0.017485858857417047, 0.02003782731547126, 0.012540792113565262, 0.014274302585074887, 0.010317731792501136, 0.011227598119398495, 0.008456861899549188, 0.009323392528210636, 0.007182586402114815, 0.008068132469668789, 0.006519349643828335], [0.03360972150899352, 0.024546139551568417, 99999.99999999999, 0.017569073757373, 0.04469952566421828, 0.013096008398418233, 0.02082735216619578, 0.01032475216524465, 0.01512676476780003, 0.008610519298031184, 0.011580664630431562, 0.007342801186520165, 0.009170982561952961, 0.0064348531274160785, 0.007730136544678413], [0.021951280933230215, 0.037130979144513646, 0.015954489599712234, 99999.99999999999, 0.013812398217024987, 0.04066189321687075, 0.01079915686227223, 0.022417612242169295, 0.009060446366765191, 0.014693511539204196, 0.007706509652314242, 0.01195994458504067, 0.006800299857194765, 0.009313137921446295, 0.005813486186726463], [0.0214742174756217, 0.01622866294035219, 0.034641807847071944, 0.012984779478203866, 99999.99999999999, 0.010531487284317863, 0.040110721170119545, 0.00923848774519891, 0.021394972797834592, 0.00755827193316809, 0.014797338622805845, 0.0067055146671027, 0.011853032527657927, 0.00597150833627904, 0.009587531967443823], [0.015895997948823664, 0.021620997094301656, 0.012877193161096605, 0.03879789759242527, 0.010906190576318484, 99999.99999999999, 0.008947040498818766, 0.03393090122767165, 0.00803080932430993, 0.020850174837573704, 0.006956286266536423, 0.016001490139949545, 0.00604362746017061, 0.011936493720047441, 0.005551884702536426], [0.014512642986154872, 0.01302572588667473, 0.024240230524193884, 0.010429679686578456, 0.034511027073792534, 0.00933236980553702, 99999.99999999999, 0.007799981390768233, 0.03538585640518599, 0.006842327816521226, 0.02357543599469433, 0.0061023508313397395, 0.01603852426282891, 0.005481284756998043, 0.011059081036932884], [0.011122760913362928, 0.01588448960753267, 0.009815823955068142, 0.023142651336568152, 0.008876839108409059, 0.04236308406744638, 0.007694761137714353, 99999.99999999999, 0.006836878322224597, 0.036677300928942384, 0.006053739793062366, 0.02204278108554042, 0.0054943018823251115, 0.014413630294811708, 0.0050497826347302216], [0.011265343061314919, 0.010614459993356504, 0.015412164577346255, 0.008662178507900402, 0.023077329776457135, 0.007902520626743958, 0.03637603599019694, 0.006842646518943008, 99999.99999999999, 0.006057635834342655, 0.03984356121746203, 0.005614233312671019, 0.020105036359813762, 0.005065356096370145, 0.015668939466921918], [0.009648965343473455, 0.012016169671003666, 0.00877902043786415, 0.01579585172400023, 0.007630200398267316, 0.02266664808013852, 0.006779471094918073, 0.04411212799002367, 0.006184387668805335, 99999.99999999999, 0.005703292499587557, 0.038124340534500874, 0.005172221341794351, 0.021814920673628804, 0.004708901439216348], [0.009524629217364456, 0.008700921708499667, 0.011911098834579081, 0.007608972427040814, 0.01466466854054849, 0.006725087163529552, 0.020962216286219335, 0.006049818077602934, 0.04493895842387586, 0.005492111418696921, 99999.99999999999, 0.005115735971138557, 0.035020302164370805, 0.0047287577392532325, 0.022449190826946776], [0.008090712918132917, 0.009513659250124882, 0.007229491184217946, 0.011507341887310892, 0.006762419652870879, 0.014908710273801373, 0.00609902494258284, 0.023607673769019094, 0.005553602152107051, 0.03452440649080726, 0.00509954093717434, 99999.99999999999, 0.004640007020567497, 0.03626563575366115, 0.004362639922632662], [0.008167741314383121, 0.0073736590468710846, 0.009294837742159731, 0.006688466136318594, 0.01167604149193287, 0.006142995177706475, 0.015185731331306306, 0.005515469684856835, 0.02362999542232627, 0.0051348109912527674, 0.03411740698681083, 0.004638355408328122, 99999.99999999999, 0.004326085890089282, 0.042549415423329455], [0.006969207450574386, 0.008020278745620764, 0.006243755150008108, 0.009323399606061895, 0.005950823533596318, 0.012079679514942874, 0.005464757532439036, 0.015349261976385024, 0.005102191968873482, 0.02150040990044287, 0.004657992795990061, 0.03608714669549771, 0.004361975329929113, 99999.99999999999, 0.004091615459845993], [0.007013446940358536, 0.006360895842958783, 0.008011105261041795, 0.005983726614948716, 0.009360572713368667, 0.005540180171602981, 0.011643067908058295, 0.0049562917859927455, 0.015650841337724986, 0.004707143897521869, 0.02206415625790698, 0.004360534541776741, 0.04151636571510481, 0.004051269190655923, 99999.99999999999]], "binary_threshold": 0.02}, "global_features": {"formation_type": "v_shape_to_bee_swarm", "cluster_centroid": [407.05102908503414, 500.2179393867027], "cluster_radius": 176.20775705520828, "velocity_coherence": 0.38380065105534317, "connectivity_density": 0.3377777777777778}}
{"metadata": {"episode_id": 11, "frame_id": 1, "timestamp": 0.1, "transformation_progress": 0.0125, "start_formation": "v_shape", "target_formation": "bee_swarm", "current_formation": "v_shape_to_bee_swarm"}, "node_features": {"positions": [[498.8574086022542, 502.4192174802501], [474.9616715005212, 460.50309072815134], [475.43299589633324, 545.7090040401853], [451.38048212681866, 415.89142297942794], [452.26991972302926, 584.6489809568221], [426.2508994316524, 373.62383492743334], [426.5663885355824, 627.3344070181322], [401.5426056339248, 329.4158121956138], [401.79844167772046, 670.7741489387998], [376.27345951472773, 287.36387383455633], [376.95148093465076, 713.3087073764287], [353.0425154257425, 244.51628909671783], [352.08250251970287, 755.8293576214625], [326.20958872050875, 199.74266602197523], [326.7734049126405, 800.584541385012]], "velocities": [[-7.800674233807348, 21.27419600950853], [-4.695726069881684, 22.649872054119584], [9.022321085816673, 8.061073955176568], [14.429660212306452, 21.93569949612699], [11.041719029385463, -6.918983223416355], [5.596633369473788, 19.294459204803168], [11.383141695728533, -16.656600366022666], [14.308832633098337, 23.968552905566], [15.100159689538371, -23.322087116305713], [9.963155952026561, 29.09396363168763], [10.81675515334451, -16.791207210999282], [17.513051211369405, 26.300965003330376], [16.268096914116143, -26.650952763299454], [10.169925361498077, 22.24680729770095], [13.166236798961405, -20.523120873703284]], "speeds": [22.659257144773623, 23.131505515018986, 12.098892142935986, 26.25623747277979, 13.030421634383519, 20.089760105041602, 20.17469332154568, 27.914767054534707, 27.78371051731774, 30.752612837389357, 19.97365343771938, 31.598223412692946, 31.223777164185215, 24.461149130804998, 24.383360757757757], "headings": [1.9222467433432184, 1.7752184163780032, 0.7291895122680686, 0.9889459682968643, -0.5597647926683726, 1.2884796146929633, -0.9712975378040449, 1.0325977308367538, -0.9962075241665856, 1.2408655461955755, -0.9985151615908202, 0.983344736313483, -1.0227551269898953, 1.142019923717407, -1.0003971268188638]}, "edge_features": {"distance_matrix": [[0.0, 25.28009767569592, 28.237776927213716, 48.095612639810064, 40.919289324544344, 63.98081789259389, 63.89700136583416, 83.89715825463252, 85.94052638966996, 106.94005276012004, 104.68803491704956, 122.16815502487135, 124.91073486629675, 147.04160773659243, 140.6072165929026], [24.159695594658736, 0.0, 38.74860599547047, 30.3252134761059, 56.64909254015679, 48.98164172894552, 74.0417440392757, 68.37509068614862, 98.62019109807217, 90.01628611377761, 114.41543968691144, 105.43106234965595, 132.49627744464408, 128.92347996090064, 157.63256164856386], [24.57008771276121, 40.16424854675115, 0.0, 62.6808823947118, 25.730285709984337, 79.82330311306032, 46.849126596522645, 95.5715474332251, 60.75834076635557, 118.97860340276239, 82.9229421684101, 136.0048207080646, 100.55615257789415, 153.8766245896133, 127.92090041694766], [44.425668492544055, 29.443897698079944, 57.83641954685355, 0.0, 73.02305263525916, 29.713696414151823, 90.92957033078626, 48.81448503253836, 112.37304352637464, 62.512063583954586, 130.74694636396367, 85.72432675670107, 144.512049459904, 107.28590431152831, 164.50126520634248], [45.239029396469, 53.495466657472086, 26.448390661469265, 72.77135621004268, 0.0, 89.70704139364513, 27.5035625335029, 109.36863278584498, 42.19504159958961, 130.85642448593674, 62.45520962039799, 145.52629847540152, 89.71707259027423, 165.58332736235974, 102.48201872707021], [65.64053850802549, 44.638472014833724, 81.39937220182452, 26.826338993936673, 91.77041639328124, 0.0, 105.07845298676473, 29.010437307379657, 127.99487682052238, 46.44430166477552, 143.55099240053923, 62.51242433723684, 164.581666263835, 87.61176740338753, 179.58541677557045], [60.91091393262142, 75.88722185881029, 45.19947970418137, 91.86297967096269, 28.741702758036496, 107.96432254705117, 0.0, 129.72781842775487, 27.620974544625863, 147.45628884725105, 49.19627165351556, 160.27105051002394, 66.46890310429775, 179.79353672002964, 86.14961809142424], [86.31644380021865, 67.18830795262114, 97.22646205177072, 50.18591507405576, 112.04491561541688, 25.969417579484784, 125.24165110236643, 0.0, 141.94070115020756, 24.533089802537393, 161.64589763148348, 48.594701673581525, 175.42699590654797, 70.19624829326597, 194.32001348323539], [84.59042593717452, 92.07424217104769, 63.851602501756, 109.19532266462741, 49.468829733104606, 124.05592114723773, 25.689018160033765, 138.72838767591637, 0.0, 163.40681655224384, 29.360130345197376, 175.60234249440552, 42.16266884848835, 195.06421821930374, 66.78265054227565], [108.94790046838116, 83.16402027332474, 120.10834058104138, 67.34818887020933, 129.97205245334533, 46.49431158951506, 146.19084722717872, 28.577800527572688, 163.8240229220964, 0.0, 177.92746888862618, 26.83897308851116, 195.08794467639953, 48.9281881578963, 214.95071327052133], [99.79190410032987, 115.4139953422701, 81.35650095593155, 132.32592460806808, 63.64927179982678, 143.79175832002676, 47.359441114033764, 160.0195312012116, 26.416161882243617, 174.31328482365586, 0.0, 194.3109111208415, 29.88011480213469, 212.95802581588728, 50.17054193590782], [125.91051966843878, 104.2795756800435, 134.4587035908874, 83.65413780637986, 149.20304817732102, 65.92627682720875, 161.04552229386772, 42.24067790059402, 181.01400659073147, 21.711670033856837, 196.10675043244052, 0.0, 210.1947416849272, 24.61008643838774, 231.97764529624087], [120.22986585772861, 136.59767958889998, 102.03840609233725, 151.717933463372, 83.39126841597829, 159.8195468055027, 68.13291472088152, 175.5445473023512, 44.329450385543616, 193.3205790763997, 24.61087380992152, 211.7253156714692, 0.0, 228.73509077465692, 29.279353960850656], [142.35454236851854, 124.22051974577765, 159.81805253935622, 103.1858734282709, 168.63912081603078, 86.89645643683576, 179.61456965412145, 62.807145780831156, 199.56894812086156, 50.461301789854815, 214.1268402288766, 25.148904397802003, 226.77809047810666, 0.0, 247.05972428624756], [144.54781475660846, 157.85998401998808, 121.04315110610852, 168.23051624091104, 103.44991044014424, 178.07397494718342, 85.30249395779644, 193.77879478127002, 68.90920511381154, 210.119935746838, 45.28030454133531, 228.87382876445184, 30.42956549090292, 246.0721916653021, 0.0]], "adjacency_matrix": [[0, 1, 1, 1, 1, 0, 0, 0, 0, 0, 0, 0, 0, 0, 0], [1, 0, 1, 1, 0, 1, 0, 0, 0, 0, 0, 0, 0, 0, 0], [1, 1, 0, 0, 1, 0, 1, 0, 0, 0, 0, 0, 0, 0, 0], [1, 1, 0, 0, 0, 1, 0, 1, 0, 0, 0, 0, 0, 0, 0], [1, 0, 1, 0, 0, 0, 1, 0, 1, 0, 0, 0, 0, 0, 0], [0, 1, 0, 1, 0, 0, 0, 1, 0, 1, 0, 0, 0, 0, 0], [0, 0, 1, 0, 1, 0, 0, 0, 1, 0, 1, 0, 0, 0, 0], [0, 0, 0, 0, 0, 1, 0, 0, 0, 1, 0, 1, 0, 0, 0], [0, 0, 0, 0, 1, 0, 1, 0, 0, 0, 1, 0, 1, 0, 0], [0, 0, 0, 0, 0, 1, 0, 1, 0, 0, 0, 1, 0, 1, 0], [0, 0, 0, 0, 0, 0, 1, 0, 1, 0, 0, 0, 1, 0, 0], [0, 0, 0, 0, 0, 0, 0, 1, 0, 1, 0, 0, 0, 1, 0], [0, 0, 0, 0, 0, 0, 0, 0, 1, 0, 1, 0, 0, 0, 1], [0, 0, 0, 0, 0, 0, 0, 0, 0, 0, 0, 1, 0, 0, 0], [0, 0, 0, 0, 0, 0, 0, 0, 0, 0, 1, 0, 1, 0, 0]], "physical_distances": [[0.0, 48.24902002666115, 49.22101919934264, 98.69710111614435, 94.50993662829792, 147.85112695163033, 144.32531364790086, 198.49521182347172, 194.32916921262932, 247.53913913654287, 243.588653572307, 296.26998420508096, 292.8473530389692, 348.45425024326124, 344.26075103775423], [48.24902002666115, 0.0, 85.20721688932183, 50.46061227929076, 126.20268483435876, 99.60293371197399, 173.70892754347466, 150.24724232341404, 222.63597220379705, 199.2901192018316, 271.13958999687605, 248.02132790742502, 319.87012065298586, 300.20523184038115, 370.9651674149415], [49.22101919934264, 85.20721688932183, 0.0, 132.02699637232905, 45.30838664175202, 178.97537272268946, 95.13491328772005, 228.56625868978043, 145.13213993972968, 276.72155672512815, 194.3920506284784, 325.10995254657905, 243.6511998849566, 376.7762363670144, 295.0613724774102], [98.69710111614435, 50.46061227929076, 132.02699637232905, 0.0, 168.7599018538797, 49.17362022636037, 212.89404580670256, 99.8090436471298, 259.66051437901814, 148.86368171868023, 306.58884075672125, 197.58489873524945, 354.1438805948047, 249.77597500637597, 404.3707692705704], [94.50993662829792, 126.20268483435876, 45.30838664175202, 168.7599018538797, 0.0, 212.6231447271156, 49.8268714002758, 260.22534624932695, 99.82441913681224, 306.8450698331146, 149.0845143664718, 354.3110580204601, 198.34374182444355, 405.0235528079677, 249.75496288760826], [147.85112695163033, 99.60293371197399, 178.97537272268946, 49.17362022636037, 212.6231447271156, 0.0, 253.7107682459781, 50.644338837148396, 298.1547111941409, 99.69215309338277, 343.24371113661033, 148.41908866175896, 389.33534732708836, 200.60639259189134, 438.39618699817026], [144.32531364790086, 173.70892754347466, 95.13491328772005, 212.89404580670256, 49.8268714002758, 253.7107682459781, 0.0, 298.9676886416544, 50.00462348311487, 343.67039753610084, 99.26338387516101, 389.81466278985164, 148.5220576432296, 439.21086534516354, 199.93561123149289], [198.49521182347172, 150.24724232341404, 228.56625868978043, 99.8090436471298, 260.22534624932695, 50.644338837148396, 298.9676886416544, 0.0, 341.35843261322213, 49.06011889014852, 384.67970882837506, 97.77621271363391, 429.272423436111, 149.96729068649222, 477.0643612160231], [194.32916921262932, 222.63597220379705, 145.13213993972968, 259.66051437901814, 99.82441913681224, 298.1547111941409, 50.00462348311487, 341.35843261322213, 0.0, 384.2589800771516, 49.26012707709669, 429.0371818640435, 98.5193540905288, 477.0579970928166, 149.9316315146381], [247.53913913654287, 199.2901192018316, 276.72155672512815, 148.86368171868023, 306.8450698331146, 99.69215309338277, 343.67039753610084, 49.06011889014852, 384.2589800771516, 0.0, 425.9453731807158, 48.740048021435186, 469.0896629643795, 100.91514860235691, 515.6022779299418], [243.588653572307, 271.13958999687605, 194.3920506284784, 306.58884075672125, 149.0845143664718, 343.24371113661033, 99.26338387516101, 384.67970882837506, 49.26012707709669, 425.9453731807158, 0.0, 469.40171502482343, 49.2592304513949, 516.0666802438963, 100.67229268852688], [296.26998420508096, 248.02132790742502, 325.10995254657905, 197.58489873524945, 354.3110580204601, 148.41908866175896, 389.81466278985164, 97.77621271363391, 429.0371818640435, 48.740048021435186, 469.40171502482343, 0.0, 511.3139697573008, 52.19849881756726, 556.6883934214073], [292.8473530389692, 319.87012065298586, 243.6511998849566, 354.1438805948047, 198.34374182444355, 389.33534732708836, 148.5220576432296, 429.272423436111, 98.5193540905288, 469.0896629643795, 49.2592304513949, 511.3139697573008, 0.0, 556.6882576833499, 51.4157261486493], [348.45425024326124, 300.20523184038115, 376.7762363670144, 249.77597500637597, 405.0235528079677, 200.60639259189134, 439.21086534516354, 149.96729068649222, 477.0579970928166, 100.91514860235691, 516.0666802438963, 52.19849881756726, 556.6882576833499, 0.0, 600.84213989905], [344.26075103775423, 370.9651674149415, 295.0613724774102, 404.3707692705704, 249.75496288760826, 438.39618699817026, 199.93561123149289, 477.0643612160231, 149.9316315146381, 515.6022779299418, 100.67229268852688, 556.6883934214073, 51.4157261486493, 600.84213989905, 0.0]], "communication_quality": [[99999.99999999999, 0.03955679354013952, 0.035413540111256595, 0.02079191296657157, 0.024438346122905793, 0.015629682092871997, 0.01565018423592033, 0.011919353427578688, 0.01163595250867203, 0.009351032477352526, 0.009552189085127708, 0.00818543848797612, 0.00800571641030874, 0.006800795688955089, 0.007112009988613748], [0.041391232855961684, 99999.99999999999, 0.02580737335539662, 0.032975849321866604, 0.01765253031663001, 0.020415808056735128, 0.013505892897533824, 0.014625206982731058, 0.010139910371968893, 0.011109099609431088, 0.008740078396199277, 0.009484869855857662, 0.007547381283553263, 0.0077565383957824575, 0.00634386655969468], [0.04069987884014886, 0.024897758260270162, 99999.99999999999, 0.01595382518970593, 0.038864691306752526, 0.012527668434203148, 0.021345110553739093, 0.010463364068318024, 0.01645864292540576, 0.008404871862263462, 0.012059387345123426, 0.007352680009921908, 0.009944691348234044, 0.006498712443685717, 0.007817330229597198], [0.022509504276177338, 0.033962883264479556, 0.017290140623046162, 99999.99999999999, 0.0136943037433923, 0.033654502271171644, 0.010997521338624581, 0.020485718418953802, 0.008898930558697454, 0.01599690975947208, 0.00764836159716234, 0.01166529876851838, 0.006919837719684963, 0.009320888081321463, 0.006078980231281782], [0.0221048018114649, 0.01869316926369181, 0.03780946957056752, 0.013741668627103455, 99999.99999999999, 0.011147395711535339, 0.0363589129660109, 0.009143388584953938, 0.02369946147926327, 0.007641962765747456, 0.01601147199670399, 0.006871609748618279, 0.011146149329965004, 0.006039255011581372, 0.00975780839256409], [0.015234485736781066, 0.022402195479400307, 0.012285105524763867, 0.03727678336794997, 0.010896756605603096, 99999.99999999999, 0.009516698013806654, 0.03447034061228076, 0.007812812096175568, 0.02153116203374425, 0.0069661652184759915, 0.015996817442835196, 0.006076010542005513, 0.011413990557408035, 0.005568380563806601], [0.01641741637520032, 0.013177447318944508, 0.022124143580928318, 0.010885776781071754, 0.034792637739391126, 0.00926231817868366, 99999.99999999999, 0.0077084463073156095, 0.03620435753781149, 0.006781670283450509, 0.020326739468704138, 0.006239429606428893, 0.015044626928544464, 0.0055619348872247175, 0.011607711166654993], [0.011585276687971012, 0.014883539735362404, 0.01028526469074723, 0.019925905490919455, 0.008924991422033703, 0.03850681717720939, 0.007984563532598379, 99999.99999999999, 0.0070451950810769045, 0.04076125756829851, 0.0061863613787227845, 0.020578370887704003, 0.005700376602977034, 0.01424577355422848, 0.00514615005738857], [0.011821667413355122, 0.010860799587514274, 0.01566131160700912, 0.00915790057686173, 0.020214745391143644, 0.008060880207437516, 0.038927124598499625, 0.0072083294895115965, 99999.99999999999, 0.006119695370745626, 0.034059782693224634, 0.0056946845289664256, 0.023717658064220763, 0.005126516579327583, 0.01497394670832209], [0.009178698294449802, 0.012024429272047374, 0.00832581577519262, 0.01484820703115103, 0.0076939611569136965, 0.02150800282298366, 0.006840373050456998, 0.03499218384960497, 0.006104110502978108, 99999.99999999999, 0.0056202673485074815, 0.03725923581762177, 0.005125893096058859, 0.020438112124482852, 0.004652229054104986], [0.010020851979997188, 0.008664459716430553, 0.012291579226420744, 0.00755709757850468, 0.015711096366255017, 0.006954501023830332, 0.02111510958165804, 0.0062492367650434704, 0.03785559862563502, 0.0057367970757001095, 99999.99999999999, 0.005146391125273408, 0.03346706235740214, 0.004695760815828285, 0.019932011138276612], [0.007942147512470228, 0.009589604652518053, 0.00743722718516156, 0.011953979882916639, 0.006702275490972481, 0.015168456288475286, 0.006209424041489401, 0.023673856883044207, 0.00552443406778259, 0.04605815848615199, 0.005099263267593998, 99999.99999999999, 0.00475749271560765, 0.04063372943310222, 0.00431076001144583], [0.008317400254021123, 0.0073207680379482835, 0.00980023052391438, 0.0065911781900828475, 0.011991661706056705, 0.006257056520416838, 0.014677191740948675, 0.005696559411281766, 0.02255836166970605, 0.005172754773702883, 0.04063242944557986, 0.004723100539949973, 99999.99999999999, 0.004371869453412708, 0.03415374737433152], [0.007024713880672131, 0.008050199126074737, 0.006257115022613564, 0.009691248131777101, 0.0059298218341204845, 0.011507947802766995, 0.0055674767712380075, 0.015921752666042576, 0.0050107993217782245, 0.019817162188816673, 0.004670128939603402, 0.039763147791675627, 0.004409596860947959, 99999.99999999999, 0.0040476041265444865], [0.006918125552451676, 0.0063347272132379595, 0.008261515899468146, 0.005944224406502603, 0.009666512992425127, 0.005615643409656942, 0.011722985300580996, 0.005160523108441922, 0.014511847194143545, 0.004759186456315029, 0.022084652240812592, 0.004369219327986024, 0.032862765380968106, 0.004063847900057241, 99999.99999999999]], "binary_threshold": 0.02}, "global_features": {"formation_type": "v_shape_to_bee_swarm", "cluster_centroid": [408.02625101038734, 500.77769030673124], "cluster_radius": 174.29407364032923, "velocity_coherence": 0.47553722634630863, "connectivity_density": 0.3022222222222222}}
