{"metadata": {"episode_id": 5, "frame_id": 0, "timestamp": 0.0, "transformation_progress": 0.0, "start_formation": "line", "target_formation": "v_shape", "current_formation": "line_to_v_shape"}, "node_features": {"positions": [[500.4, 500.0], [559.1089578887863, 499.5460793504984], [619.0418130293401, 500.2861428476437], [679.0641432724132, 499.6476192606988], [739.0418130293401, 500.2861428476437], [799.055088817477, 499.672673164646], [859.0418130293401, 500.2861428476437], [919.0512465252805, 499.6839828419093], [979.0418130293401, 500.2861428476437], [1039.049126347335, 499.69042077481305], [1099.0418130293401, 500.2861428476437], [1159.0477834185908, 499.6945763891092], [1219.0418130293401, 500.2861428476437], [1279.0468568205615, 499.6974804477559], [1338.64181302934, 500.2861428476437]], "velocities": [[4.0, 0.0], [-8.910421112136305, -4.539206495016019], [-9.581869706598804, 2.861428476436932], [-9.358567275868335, -3.523807393012046], [-9.581869706598802, 2.8614284764369353], [-9.44911182523068, -3.273268353539886], [-9.581869706598804, 2.8614284764369344], [-9.487534747194747, -3.1601715809070083], [-9.581869706598802, 2.861428476436933], [-9.508736526650909, -3.0957922518694336], [-9.581869706598802, 2.8614284764369344], [-9.522165814091077, -3.0542361089076304], [-9.581869706598804, 2.8614284764369344], [-9.531431794384362, -3.0251955224413027], [-13.581869706598802, 2.861428476436933]], "speeds": [4.0, 10.0, 10.000000000000002, 10.000000000000002, 10.0, 10.0, 10.000000000000002, 10.0, 10.0, 10.0, 10.0, 10.0, 10.000000000000002, 10.0, 13.880020088342466], "headings": [0.0, -2.6704321487405127, 2.851393718638804, -2.7814788501182544, 2.8513937186388034, -2.808119481337961, 2.8513937186388034, -2.82006409122819, 2.851393718638804, -2.8268421669496178, 2.8513937186388034, -2.831209387816924, 2.8513937186388034, -2.8342576902504715, 2.933949258162471]}, "edge_features": {"distance_matrix": [[0.0, 30.324531460064545, 55.35800307482214, 80.5062978906011, 99.22820228059959, 121.94225163022189, 147.63656451415972, 177.03635931122128, 198.40157804519268, 218.9250087170652, 249.47735606365785, 268.72072454691136, 296.3866436509646, 317.1792430535274, 344.35179186980025], [27.730587075500665, 0.0, 32.25414637220862, 53.122922334809466, 79.29928701252707, 102.82917139352124, 129.66785786740667, 146.85678451859104, 174.6922465658126, 198.8879282368399, 225.0525562538859, 248.47744720764274, 272.3798458025097, 296.43087923089854, 314.7341175209176], [55.63088693798023, 28.35959818231249, 0.0, 30.573403459053857, 58.35226498383647, 81.26010890483806, 99.90058933066184, 127.08582234315084, 151.38780227606784, 177.64254258476174, 198.87550734863416, 221.81399700857523, 250.24418186012107, 273.77249722666284, 297.66764655825955], [78.84826380924513, 51.506888099535296, 29.108366086696062, 0.0, 30.19680410376433, 57.5825942135669, 81.78446453589609, 99.04810078694969, 125.45560186288708, 148.30611208963077, 173.30552034862112, 201.0821231042934, 218.89565344479936, 242.72344075007985, 273.6720747142655], [97.73213987659439, 82.03741906493664, 57.23911873266736, 27.481667119000022, 0.0, 28.586889183931977, 58.27980176080924, 78.96619158421186, 102.86212498746431, 128.98104843789037, 152.7979394696089, 174.92248414331291, 199.08721226640486, 221.42782667597461, 242.15781752656383], [123.32127088168771, 104.40533284398931, 74.9654298307966, 57.94675310659679, 29.78129894979733, 0.0, 27.241787946115522, 54.793051953035175, 82.03181786865335, 101.10473478147264, 122.7337431706002, 153.6146218998004, 170.69836082192012, 201.97500977745867, 218.07559344587287], [146.55112282978337, 127.82784923527045, 101.99986593005413, 77.87337404377926, 53.33974975946043, 33.14144064167889, 0.0, 26.960348033663003, 51.4643968805957, 74.93952523788475, 99.50668230513274, 130.00281271072612, 151.95802504643996, 174.4667759888177, 200.14039618515463], [172.4176919913012, 149.3395886645077, 127.99104129787106, 102.04157105695505, 79.45479503594451, 53.4282642957979, 28.21081335501556, 0.0, 32.10617750729345, 56.61594999370461, 80.39103203851488, 105.09520287513622, 129.07460312379865, 150.40946559119845, 178.0998066546665], [200.1955746315366, 174.3243540473075, 153.45970933695577, 123.59102407232336, 101.23302368188844, 78.54877450342939, 52.33745539767391, 26.37116463143739, 0.0, 29.27322145937747, 57.967829219098626, 80.03986206474592, 99.99386552033775, 127.36974930358359, 150.91576532336273], [223.22127537671312, 196.38968165947145, 170.5938139538256, 150.0585172573633, 123.14378731901897, 103.36986216594778, 77.90740297304228, 56.27108976432825, 28.12262317930482, 0.0, 33.30712069908622, 54.53416454860269, 81.01255814542326, 104.84483595144799, 124.91492605081639], [244.6157965912482, 219.18613937863398, 195.99432161605617, 175.92408932160262, 147.6253321594678, 130.1180456081985, 100.29425279109378, 82.1094522625621, 55.44382861095708, 27.248021029572772, 0.0, 32.180090672664285, 57.256049927724376, 74.98927328161422, 105.10049842019629], [272.1126184033522, 243.3963245567165, 218.96605212294048, 195.53870341074872, 170.885433231673, 152.12813491340603, 127.69915306880922, 101.85997097754758, 77.12733551996466, 53.895563347286476, 29.07475189868031, 0.0, 32.75680924581403, 55.59334987221655, 80.91111507849413], [293.97728644758723, 269.2836835142544, 243.37097747339163, 219.7314710540437, 194.84730366844735, 173.90452145434523, 149.3599378062506, 122.89808862820746, 102.05406203622879, 79.42122085125274, 55.502061630785406, 28.988596157974953, 0.0, 33.05414255579679, 54.31284425862391], [317.35145572338655, 297.79630207478687, 270.6260873050571, 249.55078606670708, 224.6821325941952, 199.7551774902348, 176.10636551077909, 152.78063695606383, 123.29068429374887, 100.70151959141947, 81.16250149423918, 55.832821322196345, 32.344570194116706, 0.0, 29.644808115757172], [340.80816292073223, 320.38771111534294, 296.87467562232774, 270.96490081702257, 244.44566779872926, 219.033782374415, 198.44297826169594, 171.47300392220274, 150.59286709013162, 125.78013539824987, 99.90329507149255, 81.08091418016221, 57.493392090591335, 30.998077592175623, 0.0]], "adjacency_matrix": [[0, 1, 0, 0, 0, 0, 0, 0, 0, 0, 0, 0, 0, 0, 0], [1, 0, 1, 0, 0, 0, 0, 0, 0, 0, 0, 0, 0, 0, 0], [0, 1, 0, 1, 0, 0, 0, 0, 0, 0, 0, 0, 0, 0, 0], [0, 0, 1, 0, 1, 0, 0, 0, 0, 0, 0, 0, 0, 0, 0], [0, 0, 0, 1, 0, 1, 0, 0, 0, 0, 0, 0, 0, 0, 0], [0, 0, 0, 0, 1, 0, 1, 0, 0, 0, 0, 0, 0, 0, 0], [0, 0, 0, 0, 0, 1, 0, 1, 0, 0, 0, 0, 0, 0, 0], [0, 0, 0, 0, 0, 0, 1, 0, 1, 0, 0, 0, 0, 0, 0], [0, 0, 0, 0, 0, 0, 0, 1, 0, 1, 0, 0, 0, 0, 0], [0, 0, 0, 0, 0, 0, 0, 0, 1, 0, 1, 0, 0, 0, 0], [0, 0, 0, 0, 0, 0, 0, 0, 0, 1, 0, 1, 0, 0, 0], [0, 0, 0, 0, 0, 0, 0, 0, 0, 0, 1, 0, 1, 0, 0], [0, 0, 0, 0, 0, 0, 0, 0, 0, 0, 0, 1, 0, 1, 0], [0, 0, 0, 0, 0, 0, 0, 0, 0, 0, 0, 0, 1, 0, 1], [0, 0, 0, 0, 0, 0, 0, 0, 0, 0, 0, 0, 0, 1, 0]], "physical_distances": [[0.0, 58.71071265402366, 118.64215809154081, 178.66449077377075, 238.64198457869855, 298.65526819299913, 358.6419271790478, 418.65136579738447, 478.64189856064945, 538.6492153099676, 598.6418814155795, 658.6478542330531, 718.641869996333, 778.6469155879445, 838.2418618683062], [58.71071265402366, 0.0, 59.93742419622661, 119.95522835947436, 179.93437707400807, 239.94616432367104, 299.93376816681416, 359.9423150537461, 419.9335072609438, 479.9401901638024, 539.9333623274357, 599.93884390782, 659.933270102321, 719.9379148514066, 779.5332064367516], [118.64215809154081, 59.93742419622661, 0.0, 60.02572648606267, 120.0, 180.01432111092657, 240.0, 300.0100378041168, 360.0, 420.0077357923165, 480.0, 540.0062944141588, 600.0, 660.0053063069063, 719.5999999999999], [178.66449077377075, 119.95522835947436, 60.02572648606267, 0.0, 59.98106852867891, 119.99094816066992, 179.97880242824306, 239.98710600782792, 299.978349327359, 359.98498561943023, 419.97815515432404, 479.9836424431017, 539.9780472838613, 599.9827156199897, 659.5779788276355], [238.64198457869855, 179.93437707400807, 120.0, 59.98106852867891, 0.0, 60.01641122122292, 120.0, 180.01044065331843, 240.0, 300.0079047776402, 360.0, 420.0063869913064, 480.0, 540.0053646431487, 599.5999999999999], [298.65526819299913, 239.94616432367104, 180.01432111092657, 119.99094816066992, 60.01641122122292, 0.0, 59.98986103269522, 119.99615824077388, 179.98776968885758, 239.9940381860778, 299.9873514807189, 359.99269526744854, 419.9871722556101, 479.9917686441385, 539.5870729462865], [358.6419271790478, 299.93376816681416, 240.0, 179.97880242824306, 120.0, 59.98986103269522, 0.0, 60.01245458382947, 120.0, 180.00829906632316, 240.0, 300.0065536285347, 360.0, 420.005456313947, 479.5999999999999], [418.65136579738447, 359.9423150537461, 300.0100378041168, 239.98710600782792, 180.01044065331843, 119.99615824077388, 60.01245458382947, 0.0, 59.99358854203096, 119.99787999475332, 179.9915737670095, 239.99653712711213, 299.9911708502421, 359.99561054831935, 419.59099858775585], [478.64189856064945, 419.9335072609438, 360.0, 299.978349327359, 240.0, 179.98776968885758, 120.0, 59.99358854203096, 0.0, 60.010270257948875, 120.0, 180.00694244014775, 240.0, 300.0056213199908, 359.5999999999999], [538.6492153099676, 479.9401901638024, 420.0077357923165, 359.98498561943023, 300.0079047776402, 239.9940381860778, 180.00829906632316, 119.99787999475332, 60.010270257948875, 0.0, 59.995644342846184, 119.99865714321133, 179.99367251043722, 239.99773057705872, 299.5932789602098], [598.6418814155795, 539.9333623274357, 480.0, 419.97815515432404, 360.0, 299.9873514807189, 240.0, 179.9915737670095, 120.0, 59.995644342846184, 0.0, 60.008886285536875, 120.0, 180.00600632673505, 239.5999999999999], [658.6478542330531, 599.93884390782, 540.0062944141588, 479.9836424431017, 420.0063869913064, 359.99269526744854, 300.0065536285347, 239.99653712711213, 180.00694244014775, 119.99865714321133, 60.008886285536875, 0.0, 59.996946087366204, 119.99907343711078, 179.59500389125952], [718.641869996333, 659.933270102321, 600.0, 539.9780472838613, 480.0, 419.9871722556101, 360.0, 299.9911708502421, 240.0, 179.99367251043722, 120.0, 59.996946087366204, 0.0, 60.00793117419929, 119.59999999999991], [778.6469155879445, 719.9379148514066, 660.0053063069063, 599.9827156199897, 540.0053646431487, 479.9917686441385, 420.005456313947, 359.99561054831935, 300.0056213199908, 239.99773057705872, 180.00600632673505, 119.99907343711078, 60.00793117419929, 0.0, 59.59786345958444], [838.2418618683062, 779.5332064367516, 719.5999999999999, 659.5779788276355, 599.5999999999999, 539.5870729462865, 479.5999999999999, 419.59099858775585, 359.5999999999999, 299.5932789602098, 239.5999999999999, 179.59500389125952, 119.59999999999991, 59.59786345958444, 0.0]], "communication_quality": [[99999.99999999999, 0.032976590967317185, 0.018064232158195335, 0.012421386922362481, 0.010077779061182512, 0.00820060237223091, 0.006773389339943611, 0.005648556869363091, 0.005040282236915443, 0.00456777396142367, 0.00400837966096225, 0.003721335466301456, 0.0033739710870302397, 0.003152791332890993, 0.002904006874859046], [0.03606125022398009, 99999.99999999999, 0.031003756181378128, 0.0188242620662854, 0.012610452269734848, 0.009724865903318424, 0.00771201082000177, 0.006809354672884454, 0.005724352181707982, 0.005027956993596963, 0.004443406341218441, 0.004024509954495952, 0.0036713434517898227, 0.00337346759844947, 0.00317728492895496], [0.017975622451581966, 0.03526141805526378, 99999.99999999999, 0.03270815675649933, 0.017137292423937182, 0.012306159694044725, 0.010009949957257928, 0.007868697726272507, 0.006605551563004422, 0.005629281866589101, 0.005028271017628444, 0.004508281571061202, 0.0039960967428125955, 0.0036526677208390253, 0.0033594513141345607], [0.012682585828312044, 0.01941487522831475, 0.03435437267340546, 99999.99999999999, 0.03311607630406746, 0.01736635592741032, 0.012227259582881947, 0.010096103722270666, 0.007970946736865943, 0.00674280997918371, 0.0057701563128908905, 0.004973092261167427, 0.004568386528370754, 0.004119915059339074, 0.0036540080477849113], [0.01023204750189873, 0.012189558002950714, 0.01747056641393779, 0.03638788112056776, 99999.99999999999, 0.03498105875582604, 0.017158600376133308, 0.012663645710925715, 0.009721750380952804, 0.007753076398280145, 0.00654459044425133, 0.0057168176391351145, 0.005022924066225951, 0.0045161440178966535, 0.004129538203303809], [0.008108900530796324, 0.009578053888432499, 0.013339480195902078, 0.01725721932319905, 0.033578107721380236, 99999.99999999999, 0.03670829663952458, 0.018250485816199338, 0.012190390315344026, 0.009890732647230312, 0.008147717919210028, 0.006509796544981985, 0.005858286726375631, 0.004951107325558507, 0.004585565667129764], [0.006823556943510514, 0.007823020787350232, 0.009803933493857822, 0.012841357959194565, 0.0187477409817662, 0.030173694290327586, 99999.99999999999, 0.03709149554881241, 0.01943090498099266, 0.013344091297412562, 0.010049575328396461, 0.0076921406716309185, 0.006580764220163742, 0.00573174999661021, 0.0049964923078794805], [0.005799868507993754, 0.006696147632259988, 0.007813046223620116, 0.009799926555840454, 0.012585771238726349, 0.018716681629349374, 0.035447387955169746, 99999.99999999999, 0.031146644234007335, 0.017662863971770408, 0.012439196888639729, 0.009515181259379545, 0.007747456884034006, 0.006648517296329947, 0.0056148289132660276], [0.004995115161208561, 0.005736432801376081, 0.00651636797148229, 0.008091201821442946, 0.00987819848550987, 0.012730941749408493, 0.01910677164822055, 0.037920191799416025, 99999.99999999999, 0.03416090230378912, 0.017250944894122093, 0.012493773093378749, 0.010000612485477773, 0.00785115717787075, 0.006626212520575333], [0.004479859518380508, 0.005091916951190815, 0.005861876923930544, 0.006664066469777581, 0.008120587652574807, 0.009673998613393091, 0.012835749023600905, 0.01777111171077425, 0.035558547936254084, 99999.99999999999, 0.030023600923013007, 0.01833712544981801, 0.01234376372570895, 0.009537903279128136, 0.008005447800038836], [0.004088043262351378, 0.004562332076341859, 0.005102188373278844, 0.00568426954496964, 0.00677390470614307, 0.007685328491313481, 0.009970660057424549, 0.012178864316542371, 0.018036269224013923, 0.03669989948685402, 99999.99999999999, 0.031075104772728696, 0.01746540019104218, 0.013335238799984354, 0.009514701831907012], [0.0036749488837309724, 0.004108525306353694, 0.004566917769378074, 0.005114076811477221, 0.0058518735188244145, 0.006573405602028588, 0.007830904885893117, 0.009817398259876216, 0.012965570035612684, 0.018554399515453856, 0.03439409077483759, 99999.99999999999, 0.03052799456796432, 0.017987759730632182, 0.012359239832963293], [0.003401623227657271, 0.0037135557186906516, 0.004108953209179597, 0.0045510092372883365, 0.005132223694403108, 0.0057502814425656745, 0.006695235333753583, 0.008136822385065613, 0.009798727086999566, 0.012591091692760218, 0.01801734549031371, 0.03449631191477254, 99999.99999999999, 0.030253384905632, 0.0184118476859687], [0.0031510804518282303, 0.003357999946449524, 0.0036951351327834904, 0.004007200200365987, 0.004450731991665792, 0.005006127813571229, 0.005678386129403885, 0.006545331623628854, 0.008110912228439793, 0.009930335756143346, 0.012320959290065572, 0.017910608799852318, 0.03091708082153109, 99999.99999999999, 0.03373270822897942], [0.002934201933685985, 0.003121218243067404, 0.003368424619646286, 0.0036905147496211457, 0.004090888450166733, 0.00456550557409245, 0.005039230706812648, 0.005831821445989744, 0.006640420312851106, 0.00795038037866598, 0.010009678851809582, 0.01233335719975262, 0.01739330016380519, 0.03226005465744974, 99999.99999999999]], "binary_threshold": 0.02}, "global_features": {"formation_type": "line_to_v_shape", "cluster_centroid": [919.1143929530551, 499.9757221441957], "cluster_radius": 223.8973291637703, "velocity_coherence": 0.8207991697966298, "connectivity_density": 0.24888888888888888}}
{"metadata": {"episode_id": 5, "frame_id": 1, "timestamp": 0.1, "transformation_progress": 0.0125, "start_formation": "line", "target_formation": "v_shape", "current_formation": "line_to_v_shape"}, "node_features": {"positions": [[500.80163605874816, 499.96347864005924], [557.3281214347866, 498.6230781674437], [616.377450481588, 500.65675888875927], [676.790286707236, 499.3200661189284], [736.7607321039312, 500.3230006370978], [796.7584680020623, 499.40753360017504], [856.7542429262579, 500.33006953321416], [916.7481531206694, 499.44490883679805], [976.7511573228261, 500.3335292240639], [1036.7428089177997, 499.46591622270836], [1096.7493385379175, 500.3355979235165], [1156.7395157318626, 499.4794049201267], [1217.1273862529836, 500.81535138070836], [1276.3419526134614, 499.1287767732827], [1335.5255178899251, 500.8538947752219]], "velocities": [[4.016360587481866, -0.3652135994077399], [-17.80836453999795, -9.230011830547284], [-26.643625477522004, 3.7061604111558717], [-22.73856565177181, -3.2755314177037262], [-22.810809254089413, 0.36857789454085443], [-22.966208154146567, -2.651395644709859], [-22.875701030822025, 0.439266855704318], [-23.03093404611083, -2.390740051112367], [-22.906557065139843, 0.4738637642019028], [-23.063174295352088, -2.2450455210470426], [-22.924744914225876, 0.4945507587279714], [-23.082676867280746, -2.1517146898253454], [-19.14426776356606, 5.292085330646627], [-27.049042071000237, -5.687036744731779], [-31.162951394149946, 5.677519275781652]], "speeds": [4.0329311104790815, 20.058189499092364, 26.90015619991227, 22.973277388485542, 22.81378680734076, 23.11875030888077, 22.879918116594567, 23.15468766855428, 22.911457907464808, 23.172186732575817, 22.930078714110067, 23.18274891952436, 19.862254538444517, 27.640424452143822, 31.67591774078573], "headings": [-0.09068208951313311, -2.6634152649663827, 3.0033783378833143, -2.998525026726869, 3.125436022797371, -3.026653804215224, 3.122392679048341, -3.0381575119834006, 3.120908786327608, -3.044555082002089, 3.120023206989699, -3.0486435332375343, 2.8718957522259574, -2.934361892879042, 2.9613810848049127]}, "edge_features": {"distance_matrix": [[0.0, 32.02980662774619, 49.88380891313046, 78.26446787895273, 104.28969332821582, 123.94833097828149, 149.7080845720443, 171.77193550069268, 193.80436302120336, 220.08114017333932, 243.1601156121892, 265.9285655495111, 296.75174386563646, 313.12034454297964, 342.02455003973546], [28.447024717495815, 0.0, 32.00447706391441, 55.80836260476989, 74.78592453245656, 100.31739906304897, 128.48797642171132, 149.31776187722457, 175.5124293076973, 194.10549138710547, 220.63247484411454, 248.33189417995484, 268.0193808317913, 291.84121191543875, 319.897226113921], [50.1545218671744, 27.663955788509746, 0.0, 31.20855666791215, 51.814508761725264, 74.73507050039787, 98.7959372523669, 124.39711215432241, 152.18710596827214, 173.36735237196092, 194.89449127737464, 222.26452012237831, 245.7472431457764, 274.1432284268916, 296.9278048632556], [73.26733732426837, 52.43906369122121, 30.23707527216387, 0.0, 31.690184111541583, 56.41178716415452, 81.61907613216174, 99.16169862437533, 126.02316769832265, 148.79108036730483, 175.43226620724607, 195.03484836237902, 221.04307703093784, 248.06487928178296, 268.16304216859066], [98.98459480155621, 77.83039087510814, 57.61669426539173, 27.979208497002304, 0.0, 33.82444847972391, 58.17174141555266, 75.26094130684424, 105.28440717447376, 123.25084913101877, 146.97564788559845, 170.69119475887612, 196.5113439829509, 218.56969857244792, 244.48287554870745], [123.9119217215846, 102.29218505583063, 75.169220240739, 53.76294305970488, 33.094879698792205, 0.0, 28.98278548563316, 51.42981537793541, 74.57321016838408, 103.92606083158431, 126.91303448339158, 149.74115317450784, 177.14184862960175, 194.69023355158444, 222.71365347279465], [150.20914945482258, 129.84772226391263, 98.76863925103038, 74.94213913941346, 54.4532247634304, 30.077861575793932, 0.0, 31.668138926190085, 55.260068545261824, 78.82203950778765, 100.9385773957642, 123.30344124901923, 147.59234090672828, 170.98786311566292, 200.9018622614794], [168.72591960407237, 149.5088590590122, 130.1905229104691, 101.57059578696284, 79.18019265624103, 52.768663102315486, 30.783750406997324, 0.0, 26.317309165316, 56.24723478843198, 79.1181180708616, 105.59501116287763, 130.36919701599362, 151.7649111840952, 172.24524501555968], [200.2458191338019, 175.2388343476428, 150.22658792898284, 122.39398150350861, 98.83790472107117, 74.51706416019404, 56.4565459264422, 28.89101441351898, 0.0, 31.98111479161666, 55.37085650319035, 75.87742321356288, 99.2621575265995, 122.73402221535993, 153.17545643201103], [223.23120891455787, 198.37494757342637, 176.10064932445144, 147.2048139731785, 122.71933019031492, 100.65140027421926, 76.18407428610898, 55.87501974234015, 27.39202200700403, 0.0, 29.42627805205677, 53.83306554209485, 79.97399820295614, 100.47431715570183, 128.48392281457214], [243.54853158659563, 221.01176071909956, 201.14299905113268, 170.59721279759643, 149.9474390651154, 124.2684324461326, 102.02897591351055, 75.65270548115772, 55.950877689268765, 30.738869830326703, 0.0, 26.576954022231924, 52.798064233629226, 78.49529903608898, 100.27574828246811], [266.62557361616956, 243.6796717708489, 221.76905488057153, 198.3223191579552, 171.42019277207996, 153.09948520983298, 130.5734540240063, 98.79483210650773, 79.87924943140654, 53.70733880620364, 30.64932793855422, 0.0, 33.33366407788957, 56.14313335856435, 78.99173909143262], [292.4027802781173, 270.94336732435056, 246.0957548303401, 223.72594592134612, 194.95970518686025, 176.3642529040653, 152.5260017837954, 128.20145121139575, 102.34736575079259, 74.88087072538606, 54.569832477312026, 28.511050580741504, 0.0, 31.69395096252481, 57.46034575935275], [316.17071975455644, 291.3066799089653, 267.73834495580587, 246.50625238553576, 219.24721914509848, 198.17037982174824, 177.4756248875917, 148.82813989617182, 124.23669434981636, 105.31361999934245, 80.22723964133324, 57.048180270550894, 28.617995927538786, 0.0, 27.91648671519676], [338.3325664120874, 319.133222613536, 296.70490763783073, 272.71529608024474, 242.49892518203123, 224.36754908158872, 198.7353634442107, 176.71251451009203, 153.00415490435012, 121.94003064550778, 99.27109076062351, 74.96808821666916, 56.67506212145758, 31.72139829442426, 0.0]], "adjacency_matrix": [[0, 1, 1, 0, 0, 0, 0, 0, 0, 0, 0, 0, 0, 0, 0], [1, 0, 1, 0, 0, 0, 0, 0, 0, 0, 0, 0, 0, 0, 0], [0, 1, 0, 1, 0, 0, 0, 0, 0, 0, 0, 0, 0, 0, 0], [0, 0, 1, 0, 1, 0, 0, 0, 0, 0, 0, 0, 0, 0, 0], [0, 0, 0, 1, 0, 1, 0, 0, 0, 0, 0, 0, 0, 0, 0], [0, 0, 0, 0, 1, 0, 1, 0, 0, 0, 0, 0, 0, 0, 0], [0, 0, 0, 0, 0, 1, 0, 1, 0, 0, 0, 0, 0, 0, 0], [0, 0, 0, 0, 0, 0, 1, 0, 1, 0, 0, 0, 0, 0, 0], [0, 0, 0, 0, 0, 0, 0, 1, 0, 1, 0, 0, 0, 0, 0], [0, 0, 0, 0, 0, 0, 0, 0, 1, 0, 1, 0, 0, 0, 0], [0, 0, 0, 0, 0, 0, 0, 0, 0, 1, 0, 1, 0, 0, 0], [0, 0, 0, 0, 0, 0, 0, 0, 0, 0, 1, 0, 1, 0, 0], [0, 0, 0, 0, 0, 0, 0, 0, 0, 0, 0, 1, 0, 1, 0], [0, 0, 0, 0, 0, 0, 0, 0, 0, 0, 0, 0, 1, 0, 1], [0, 0, 0, 0, 0, 0, 0, 0, 0, 0, 0, 0, 0, 1, 0]], "physical_distances": [[0.0, 56.5423754576554, 115.57789372110025, 175.98982679901653, 235.9593699400943, 295.957354104963, 355.9527956410216, 415.94684031806753, 475.94966512115514, 535.9414038249844, 595.9478186577762, 655.9380582931802, 716.3262567283851, 775.5407657428404, 834.7243567431121], [56.5423754576554, 0.0, 59.08433902612158, 119.46419850225644, 179.4406629165967, 239.43163163552907, 299.4309871254947, 359.4209712617366, 419.42652357279076, 479.4154283608555, 539.4239354950224, 599.412005976417, 659.8029068717982, 719.0140090132569, 778.2005939295432], [115.57789372110025, 59.08433902612158, 0.0, 60.42762223013483, 120.38374428773578, 180.38534321153506, 240.37701444173683, 300.37314724263206, 360.37385179825515, 420.3670451872507, 480.371995415187, 540.3633478724381, 600.7499567048794, 659.9662709589913, 719.1480944281949], [175.98982679901653, 119.46419850225644, 60.42762223013483, 0.0, 59.97883125508318, 119.96821318061126, 179.96679039450282, 239.95789888934968, 299.9625826797874, 359.952551759255, 419.9602796924624, 479.94925547414607, 540.3391685076377, 599.5516964220383, 658.7370168979862], [235.9593699400943, 179.4406629165967, 120.38374428773578, 59.97883125508318, 0.0, 60.00471975434579, 119.99351103054335, 179.98956294592836, 239.99042544984397, 299.9833012073424, 359.9886066543983, 419.9796308767016, 480.36690646589096, 539.5825420611671, 598.7650211442992], [295.957354104963, 239.43163163552907, 180.38534321153506, 119.96821318061126, 60.00471975434579, 0.0, 60.00286727567685, 119.98969093955861, 179.995071257011, 239.98434801730613, 299.99230608175355, 359.981054904465, 420.3712756389915, 479.58356562478315, 538.7689913177256], [355.9527956410216, 299.4309871254947, 240.37701444173683, 179.96679039450282, 119.99351103054335, 60.00286727567685, 0.0, 60.00043974733507, 119.99691444644222, 179.99064044731784, 239.99509567533403, 299.9864789128621, 360.3734700691163, 419.5894293530857, 478.77156152304997], [415.94684031806753, 359.4209712617366, 300.37314724263206, 239.95789888934968, 179.98956294592836, 119.98969093955861, 60.00043974733507, 0.0, 60.00958389688018, 119.99465763600499, 180.00338907549423, 239.991365090407, 300.382359352082, 359.593938454396, 418.7797350451153], [475.94966512115514, 419.42652357279076, 360.37385179825515, 299.9625826797874, 239.99042544984397, 179.995071257011, 119.99691444644222, 60.00958389688018, 0.0, 59.99792507589594, 119.99818123292305, 179.99038499627244, 240.37671182390798, 299.5932176324141, 358.77473793543163], [535.9414038249844, 479.4154283608555, 420.3670451872507, 359.952551759255, 299.9833012073424, 239.98434801730613, 179.99064044731784, 119.99465763600499, 59.99792507589594, 0.0, 60.01283148886409, 119.9967075721877, 180.38962474499073, 239.5993808896482, 298.7859328435394], [595.9478186577762, 539.4239354950224, 480.371995415187, 419.9602796924624, 359.9886066543983, 299.99230608175355, 239.99509567533403, 180.00338907549423, 119.99818123292305, 60.01283148886409, 0.0, 59.99628677026591, 120.3790037135646, 179.59666881035378, 238.77674186898645], [655.9380582931802, 599.412005976417, 540.3633478724381, 479.94925547414607, 419.9796308767016, 359.981054904465, 299.9864789128621, 239.991365090407, 179.99038499627244, 119.9967075721877, 59.99628677026591, 0.0, 60.402646125986955, 119.60295083364032, 178.79128555392316], [716.3262567283851, 659.8029068717982, 600.7499567048794, 540.3391685076377, 480.36690646589096, 420.3712756389915, 360.3734700691163, 300.382359352082, 240.37671182390798, 180.38962474499073, 120.3790037135646, 60.402646125986955, 0.0, 59.2385803608244, 118.3981379106606], [775.5407657428404, 719.0140090132569, 659.9662709589913, 599.5516964220383, 539.5825420611671, 479.58356562478315, 419.5894293530857, 359.593938454396, 299.5932176324141, 239.5993808896482, 179.59666881035378, 119.60295083364032, 59.2385803608244, 0.0, 59.208702324523664], [834.7243567431121, 778.2005939295432, 719.1480944281949, 658.7370168979862, 598.7650211442992, 538.7689913177256, 478.77156152304997, 418.7797350451153, 358.77473793543163, 298.7859328435394, 238.77674186898645, 178.79128555392316, 118.3981379106606, 59.208702324523664, 0.0]], "communication_quality": [[99999.99999999999, 0.031220909305292078, 0.02004658067060658, 0.012777188669764638, 0.009588674318622285, 0.008067877247144617, 0.006679665537515529, 0.005821672433674377, 0.005159842290507005, 0.004543778507211474, 0.004112516381879479, 0.003760408214625352, 0.003369820016136387, 0.003193660154925309, 0.0029237666437867], [0.03515304881267533, 99999.99999999999, 0.031245618715993, 0.017918458348210837, 0.01337149834727287, 0.009968359523435312, 0.007782828790840359, 0.006697126453388567, 0.005697601856281328, 0.005151837494835839, 0.0045324241382974, 0.00402686881213356, 0.003731073326062438, 0.003426520741095824, 0.003126003875956848], [0.019938377705295444, 0.03614810716746009, 99999.99999999999, 0.03204248406025562, 0.019299609914329406, 0.013380597081108064, 0.010121872686189994, 0.008038771176389735, 0.006570858470098607, 0.005768098368218193, 0.005130981086925566, 0.004499143428100752, 0.004069221475313108, 0.0036477281210299836, 0.0033678219080301754], [0.013648644812731873, 0.019069749513279624, 0.033071970760376025, 99999.99999999999, 0.031555502515391645, 0.017726788549034655, 0.012252036225702766, 0.010084537810739034, 0.00793504828448164, 0.0067208325278846045, 0.0057002053534245594, 0.0051272885698308256, 0.0045240048600119175, 0.004031203298843616, 0.00372907450117816], [0.010102581123648414, 0.01284844981853128, 0.01735607776859017, 0.035740812421445584, 99999.99999999999, 0.02956440531337554, 0.01719047433962324, 0.013287102841989452, 0.00949808173742211, 0.008113533707192862, 0.006803847755377089, 0.00585853267256876, 0.005088764489846011, 0.00457519940220141, 0.0040902658595330325], [0.008070247845436557, 0.009775916915794058, 0.013303315689110732, 0.018600168760995683, 0.030216145426116794, 99999.99999999999, 0.03450322797522076, 0.01944397035477828, 0.013409639515928507, 0.009622224644868308, 0.007879410694704944, 0.006678190410706262, 0.005645193110968592, 0.005136364215061673, 0.004490070274121973], [0.006657383635122221, 0.007701328183133165, 0.010124670202367557, 0.013343625869865554, 0.018364381920458066, 0.03324703337069834, 99999.99999999999, 0.031577469284066156, 0.018096246446355137, 0.012686805357696257, 0.009907014015157142, 0.008110073074762813, 0.006775418874057741, 0.00584836796773044, 0.0049775544087437475], [0.005926771316931384, 0.006688566412774435, 0.007681050055211705, 0.009845368079200287, 0.012629419557581536, 0.01895063758872724, 0.03248466031371185, 99999.99999999999, 0.03799779125367433, 0.017778648603347477, 0.012639328361059769, 0.00947014346876758, 0.0076705229930356215, 0.006589137939108941, 0.005805675168872812], [0.004993861816376769, 0.005706497344938987, 0.006656610838466392, 0.008170335714325759, 0.010117574847891959, 0.013419743210129762, 0.01771273474958178, 0.034612825965841136, 99999.99999999999, 0.031268443699707965, 0.01806003884628358, 0.01317914902557949, 0.010074331690692004, 0.008147699394780022, 0.0065284606163994495], [0.004479660169677036, 0.005040958860091303, 0.005678570448493209, 0.006793255635305847, 0.00814867484170943, 0.00993528056164891, 0.013126101197784363, 0.017897082195953352, 0.03650696668813413, 99999.99999999999, 0.033983219298028465, 0.018575940347640894, 0.012504062538196456, 0.009952791208547555, 0.007783074335397242], [0.004105957660372366, 0.0045246458898832815, 0.0049715871544200145, 0.005861760136543613, 0.0066690030823114916, 0.008047095306867438, 0.009801136324609704, 0.013218296179323038, 0.01787281741718992, 0.03253208983280546, 99999.99999999999, 0.03762657010648353, 0.0189400847382244, 0.012739614790741703, 0.009972500005266345], [0.003750577819417307, 0.004103747972473053, 0.004509195187067801, 0.0050422965696593, 0.0058336181140189085, 0.006531700177256848, 0.00765852393880082, 0.010121985912199042, 0.012518894230093787, 0.018619425874257488, 0.03262713217508318, 99999.99999999999, 0.029999693333034233, 0.0178116140311808, 0.0126595500353145], [0.0034199400048435095, 0.0036908080569280142, 0.004063458794950844, 0.004469754060863477, 0.005129264776785011, 0.0056700829495369915, 0.006556258754195273, 0.007800223106280091, 0.009770646219937455, 0.013354543780906421, 0.018325139941823367, 0.035074107368544355, 99999.99999999999, 0.031551752120298496, 0.017403303317300316], [0.0031628481256829205, 0.003432808221165483, 0.0037349897072650076, 0.004056692070710967, 0.00456106106288895, 0.0050461625518297025, 0.005634576265262402, 0.0067191589809967945, 0.008049151055909172, 0.009495447075618262, 0.012464592821898234, 0.017529039839081707, 0.03494303560255088, 99999.99999999999, 0.03582111359465943], [0.0029556716370758374, 0.0031334875149495326, 0.0033703519576329974, 0.003666827558647392, 0.004123729447510161, 0.0044569723185175865, 0.005031816846036831, 0.005658908460350189, 0.006535769798326377, 0.008200751735905211, 0.010073425119072077, 0.01333900717488989, 0.017644441596068, 0.03152445158545411, 99999.99999999999]], "binary_threshold": 0.02}, "global_features": {"formation_type": "line_to_v_shape", "cluster_centroid": [916.9531178734704, 499.8987577094736], "cluster_radius": 223.66121784262398, "velocity_coherence": 0.852774034436571, "connectivity_density": 0.3022222222222222}}
