{"metadata": {"episode_id": 15, "frame_id": 0, "timestamp": 0.0, "transformation_progress": 0.0, "start_formation": "wolf_pack", "target_formation": "bee_swarm", "current_formation": "wolf_pack_to_bee_swarm"}, "node_features": {"positions": [[500.72323331715336, 498.8126615657523], [540.3074516940912, 625.9024212016044], [580.720259350963, 499.55991539088], [506.7120051587267, 564.3857147331787], [466.409035748496, 386.5486296263419], [635.8816169172736, 513.5407283041772], [486.2884182879771, 438.30518717540434], [497.3402866286225, 371.86493693179636], [555.03633676262, 437.0788041083322], [464.6870846758897, 450.67267630197347], [612.2537419313333, 494.28875270046495], [324.38771946288364, 533.4010382807851], [648.9971622453355, 402.99937737906737], [511.540704145026, 411.5640001918032], [469.6674868813004, 409.49258156687205]], "velocities": [[7.232333171533315, -11.873384342476882], [-0.9012216683528969, -13.444797166612267], [-11.915501323903662, -11.644244844524188], [4.757999717549092, -12.111063292258365], [1.2343221651663514, 7.099761174680758], [-5.052433003379283, -3.564580361630835], [11.229838943076398, -6.542410167809724], [3.9166857986808004, 7.511747208495958], [-9.932651704543023, 9.144412853926719], [5.486444534121553, 9.45824368064854], [-11.764158673302095, -10.4680244346734], [-4.343333936708071, -5.539396514180906], [-11.326193954560996, 7.32261194137058], [0.09253512993476587, 12.408830251773999], [4.5815841709433744, 9.125208779577768]], "speeds": [13.902657977819793, 13.474968324521361, 16.660360434251658, 13.012164131353602, 7.2062583873273125, 6.1833091794087425, 12.996630851543614, 8.471527239520315, 13.50103167638761, 10.93432426574776, 15.747220861331318, 7.0391379747153415, 13.487153707889483, 12.409175273466548, 10.210795698001311], "headings": [-1.0236968538860822, -1.6377274599221139, -2.3677075384354667, -1.1964568456969638, 1.3986627838468555, -2.5271731988850337, -0.5275208741046415, 1.090169286954948, 2.3974896663046352, 1.045160066524284, -2.4144284815113295, -2.235754726436291, 2.5676676577616018, 1.563339264942426, 1.1054861597852468]}, "edge_features": {"distance_matrix": [[0.0, 61.960516346459194, 39.14034165301988, 31.442170548163162, 53.203296078344714, 63.160591429169955, 32.56949035551886, 58.7969730152418, 40.22110514405365, 32.05835964122707, 53.9315552136982, 81.67110896576652, 79.12932309801168, 38.93700047787567, 44.860518182142556], [58.90285683653008, 0.0, 59.045425971355414, 35.88310771589153, 106.48021498305484, 62.98486798071457, 85.08957991082355, 107.7496213787978, 83.33732721068068, 81.32191757140914, 65.79806001448185, 97.39228160194409, 107.37081780726794, 90.63538227142963, 97.7618238789041], [38.63780699909911, 55.52335607365821, 0.0, 42.51561927287056, 68.58959535089028, 25.907161656383263, 50.47195149859491, 68.7905501321066, 36.088000615518524, 57.83759321160395, 22.20590910147393, 110.82379812408128, 57.03752742747287, 51.74112280269519, 66.37731568908477], [31.86806542045959, 33.278530471069885, 43.38785494049298, 0.0, 77.99941402899363, 59.00996114139652, 59.60355968021756, 86.02535447329844, 62.35029707037685, 52.84737679673801, 53.07333885630358, 76.6693050581099, 91.70953150672307, 65.299547588108, 68.3760625656106], [53.05989585317245, 109.64199687986486, 70.07241136164693, 83.09116343789287, 0.0, 91.98508821818983, 25.581782595411767, 17.338753322663976, 43.9498886427996, 32.10417386896274, 80.59157699076614, 91.62333367529776, 80.93241735246491, 23.931571765901534, 18.54566788812175], [59.41759809786631, 67.85180654193879, 32.61577491864502, 62.447883004846304, 92.75810688721587, 0.0, 71.44437812735364, 83.80848418593317, 51.32090021389099, 78.14750450919531, 21.2307991634039, 134.68586554877743, 50.65554938100096, 73.91273439400823, 84.08764414231806], [34.355847910656195, 83.32058443891046, 53.068169156288754, 55.87047073131519, 26.860296696530494, 70.082833996268, 0.0, 34.91209050656165, 36.06019727138534, 16.91374613098565, 61.88016359299301, 85.41350772337861, 69.72737407868485, 20.314222533300608, 20.24489932379273], [57.12469759318347, 105.44620097033166, 63.54983672912587, 79.49309062670939, 18.482486829079818, 87.34071522069968, 35.869383756594694, 0.0, 38.102427790348294, 37.10554016308124, 70.07534661908389, 103.97659517941209, 65.02466145208254, 26.05899589283224, 24.118950790914006], [40.10773314769663, 85.88778723643269, 31.589624230385585, 61.753165011619004, 49.63323377813327, 48.2368236004764, 31.150782423695578, 42.17936274897868, 0.0, 41.44489491383417, 35.78412380249128, 109.86824948381187, 45.46616072993133, 25.181815384660357, 38.80813363737195], [28.017412721419227, 78.8301510573803, 55.2088437646508, 54.24671427987214, 35.11202373002972, 75.60724332963926, 15.50420470397038, 38.84998398018323, 43.891453698079445, 0.0, 69.50140258130826, 67.71875256503962, 83.11353687041674, 31.423376848513172, 21.429981656710435], [48.079776388073746, 64.32942642424051, 21.3039536581652, 61.06966009942011, 80.86003812671352, 18.035465462826338, 64.4367924335177, 70.60299061183773, 41.65560176596095, 68.48169261541527, 0.0, 122.43452403124554, 42.785690858998564, 61.34138157308003, 75.53051314890672], [76.58993935752606, 98.13149925713842, 109.36740114569463, 76.61049832684468, 87.42358174326868, 130.19873420329426, 83.89765938682515, 101.5493211677854, 109.70250397495622, 68.633750729196, 122.70220053326749, 0.0, 143.30686811198004, 96.55380994641379, 85.37770453062402], [77.69415946972849, 101.7876321726345, 55.18605089358902, 94.80771816758386, 83.91412126511622, 50.581356575061854, 70.26051516460424, 71.19076127560196, 42.18257555776378, 83.43944942754676, 44.248819893991815, 149.78907576201388, 0.0, 61.08090454350115, 77.56271611234013], [40.4544437493604, 91.21299778524876, 47.919241176507015, 67.18488931095231, 29.499996613754632, 73.29869976317336, 18.90278810781854, 26.525269383746792, 23.208485889748864, 32.69171643065062, 57.2030472598094, 98.2431850100855, 64.43594971663295, 0.0, 27.229150410431682], [41.07706993812271, 99.35819845620742, 66.93685664317343, 73.19699039155186, 14.512005222256606, 86.69561981243959, 21.29373724008276, 28.244275986212585, 45.42853021517612, 25.99807666903205, 69.31978761322156, 85.42813847159884, 77.89862349273412, 24.891835536563924, 0.0]], "adjacency_matrix": [[0, 0, 1, 1, 0, 0, 1, 0, 1, 1, 0, 0, 0, 1, 1], [0, 0, 0, 1, 0, 0, 0, 0, 0, 0, 0, 0, 0, 0, 0], [1, 0, 0, 1, 0, 1, 0, 0, 1, 0, 1, 0, 0, 0, 0], [1, 1, 1, 0, 0, 0, 0, 0, 0, 0, 0, 0, 0, 0, 0], [0, 0, 0, 0, 0, 0, 1, 1, 1, 1, 0, 0, 0, 1, 1], [0, 0, 1, 0, 0, 0, 0, 0, 0, 0, 1, 0, 0, 0, 0], [1, 0, 0, 0, 1, 0, 0, 1, 1, 1, 0, 0, 0, 1, 1], [0, 0, 0, 0, 1, 0, 1, 0, 1, 1, 0, 0, 0, 1, 1], [1, 0, 1, 0, 1, 1, 1, 1, 0, 1, 1, 0, 1, 1, 1], [1, 0, 0, 0, 1, 0, 1, 1, 1, 0, 0, 0, 0, 1, 1], [1, 0, 1, 0, 0, 1, 0, 0, 1, 0, 0, 0, 1, 0, 0], [0, 0, 0, 0, 0, 0, 0, 0, 0, 0, 0, 0, 0, 0, 0], [0, 0, 0, 0, 0, 0, 0, 0, 1, 0, 1, 0, 0, 0, 0], [1, 0, 1, 0, 1, 0, 1, 1, 1, 1, 0, 0, 0, 0, 1], [1, 0, 0, 0, 1, 0, 1, 1, 1, 1, 0, 0, 0, 1, 0]], "physical_distances": [[0.0, 133.1116724739486, 80.00051601416826, 65.84596183418198, 117.39112837891035, 135.95846647873296, 62.205452671169816, 126.99279159872086, 82.22519299126651, 60.13370261419208, 111.62222047226565, 179.6957685924473, 176.5370879629492, 87.91670254654639, 94.56498335903392], [133.1116724739486, 0.0, 132.64849715411117, 70.09250461092816, 250.5019229880729, 147.5112574988225, 195.2198201628404, 257.6455330253102, 189.39719751767345, 190.85047394637834, 149.9947546257178, 234.89963092576463, 247.9903629681305, 216.2602240023034, 227.6471465217232], [80.00051601416826, 132.64849715411117, 0.0, 98.3849884329446, 160.7439160641774, 56.90552256393914, 112.55893716314502, 152.5064830584067, 67.55407572179584, 125.9113170883062, 31.97101311743711, 258.5567492909893, 118.26103741291247, 111.93342642041478, 142.98546393030287], [65.84596183418198, 70.09250461092816, 98.3849884329446, 0.0, 182.34680743730698, 138.81643003196376, 127.72400843190663, 192.74874576364104, 136.17007937798118, 121.23014910015384, 126.69902243977214, 184.93835548462877, 215.15254079776975, 152.89798157355105, 159.26135449782467], [117.39112837891035, 250.5019229880729, 160.7439160641774, 182.34680743730698, 0.0, 211.77334321063393, 55.4430437429299, 34.239642406969935, 102.02008144590218, 64.14716266176569, 181.32460517421595, 204.29313303953595, 183.3277148694372, 51.6007389170125, 23.174176024925497], [135.95846647873296, 147.5112574988225, 56.90552256393914, 138.81643003196376, 211.77334321063393, 0.0, 167.44704155369072, 198.15582267281346, 111.27616624873262, 182.37313352546755, 30.478107569157835, 312.1263847605533, 111.31670042541107, 160.81018520460927, 196.09475735746526], [62.205452671169816, 195.2198201628404, 112.55893716314502, 127.72400843190663, 55.4430437429299, 167.44704155369072, 0.0, 67.35317844209143, 68.75885622974936, 24.891211322804317, 137.84564690070636, 187.7633009336765, 166.4951517779312, 36.780008459733004, 33.26291633002551], [126.99279159872086, 257.6455330253102, 152.5064830584067, 192.74874576364104, 34.239642406969935, 198.15582267281346, 67.35317844209143, 0.0, 87.07285841858877, 85.30469730562153, 167.90679818568697, 236.6569300237163, 154.81977039056682, 42.162394160699684, 46.70785251581289], [82.22519299126651, 189.39719751767345, 67.55407572179584, 136.17007937798118, 102.02008144590218, 111.27616624873262, 68.75885622974936, 87.07285841858877, 0.0, 91.36619021196289, 80.91235796931872, 249.9535105939764, 99.95020786165809, 50.42693006423877, 89.71532870232508], [60.13370261419208, 190.85047394637834, 125.9113170883062, 121.23014910015384, 64.14716266176569, 182.37313352546755, 24.891211322804317, 85.30469730562153, 91.36619021196289, 0.0, 153.87748520802057, 162.87385841463248, 190.37580761180737, 61.03073163946857, 41.48017126916893], [111.62222047226565, 149.9947546257178, 31.97101311743711, 126.69902243977214, 181.32460517421595, 30.478107569157835, 137.84564690070636, 167.90679818568697, 80.91235796931872, 153.87748520802057, 0.0, 290.5109598192854, 98.40644787280165, 130.33227020874568, 165.89524034194167], [179.6957685924473, 234.89963092576463, 258.5567492909893, 184.93835548462877, 204.29313303953595, 312.1263847605533, 187.7633009336765, 236.6569300237163, 249.9535105939764, 162.87385841463248, 290.5109598192854, 0.0, 349.8226457927795, 223.31704710059694, 190.9437521009078], [176.5370879629492, 247.9903629681305, 118.26103741291247, 215.15254079776975, 183.3277148694372, 111.31670042541107, 166.4951517779312, 154.81977039056682, 99.95020786165809, 190.37580761180737, 98.40644787280165, 349.8226457927795, 0.0, 137.72302145032467, 179.44719046782188], [87.91670254654639, 216.2602240023034, 111.93342642041478, 152.89798157355105, 51.6007389170125, 160.81018520460927, 36.780008459733004, 42.162394160699684, 50.42693006423877, 61.03073163946857, 130.33227020874568, 223.31704710059694, 137.72302145032467, 0.0, 41.92442127370247], [94.56498335903392, 227.6471465217232, 142.98546393030287, 159.26135449782467, 23.174176024925497, 196.09475735746526, 33.26291633002551, 46.70785251581289, 89.71532870232508, 41.48017126916893, 165.89524034194167, 190.9437521009078, 179.44719046782188, 41.92442127370247, 0.0]], "communication_quality": [[99999.99999999999, 0.01613930770065426, 0.02554908062311302, 0.03180440995395339, 0.018795824427291163, 0.015832654809682704, 0.030703572025493207, 0.017007675372404267, 0.024862562771282123, 0.03119310218177782, 0.018542017018004283, 0.012244230428863875, 0.012637538582075164, 0.025682505865934627, 0.02229131132695994], [0.016977102367109663, 99999.99999999999, 0.01693611002356097, 0.027868258491851462, 0.009391415168019593, 0.015876826820339182, 0.01175231895050887, 0.009280774209653331, 0.011999423469362277, 0.012296806407126732, 0.015198014163331913, 0.01026775305880613, 0.009313516719783638, 0.011033217542715077, 0.010228940684957718], [0.02588137937563388, 0.018010435438539217, 99999.99999999999, 0.02352076206097942, 0.014579468636453092, 0.03859935052978314, 0.019812980718568643, 0.014536878287945067, 0.02771003396817837, 0.017289789764306313, 0.045033038057570175, 0.00902333187179756, 0.01753231372009299, 0.01932698311444604, 0.015065385500525552], [0.03137936592675412, 0.030049394770462735, 0.02304791907533392, 99999.99999999999, 0.012820607491002549, 0.016946288578990384, 0.01677751861784715, 0.01162447850262107, 0.016038413393397837, 0.018922411506290877, 0.018841848527544516, 0.013043027699439743, 0.010903990834221887, 0.015314039435117315, 0.01462499910389625], [0.018846622207872046, 0.009120591901384143, 0.014270949691305155, 0.012034972652630276, 99999.99999999999, 0.010871326110105217, 0.039090302068173106, 0.057674240162957434, 0.022753181028412495, 0.031148588111805788, 0.012408243060340478, 0.010914249140959984, 0.01235598674984686, 0.04178578790913149, 0.05392091925852364], [0.016830027865694413, 0.014737998935988783, 0.03066000105453061, 0.016013350521248082, 0.01078072769864329, 99999.99999999999, 0.013996900613347596, 0.011931964769363973, 0.01948523507927439, 0.012796312285560071, 0.04710136068312112, 0.007424683515814121, 0.01974116981866877, 0.01352946651079926, 0.011892352215076705], [0.029107117703203355, 0.012001834681258624, 0.018843684028708504, 0.01789853938807267, 0.037229656805414235, 0.014268827333166607, 99999.99999999999, 0.028643363919396723, 0.027731399114655796, 0.05912347276711769, 0.01616026494329736, 0.011707748687258305, 0.014341567709919189, 0.04922657050226856, 0.04939513356203354], [0.017505560065559568, 0.009483508139342815, 0.01573567917893474, 0.012579708076753566, 0.05410524396393399, 0.011449412601888961, 0.027878921143353504, 99999.99999999999, 0.0262450398975078, 0.026950146153471292, 0.014270351921800511, 0.009617548084730173, 0.01537877820323801, 0.038374449283004264, 0.041461156169577414], [0.02493284142958389, 0.011643097531622463, 0.03165595374441263, 0.016193499359536536, 0.02014778652127037, 0.020731045662792505, 0.032101912092590196, 0.02370827100609773, 99999.99999999999, 0.024128418247768818, 0.027945345988237398, 0.009101809792002223, 0.021994374805390834, 0.03971117997701451, 0.025767787538206476], [0.035692076674686546, 0.012685499897331202, 0.018113036801359592, 0.01843429282182561, 0.028480264278874443, 0.013226244255165713, 0.06449859080859581, 0.025740029728449486, 0.02278347349905665, 99999.99999999999, 0.014388196769815589, 0.014766956189424795, 0.012031732944319067, 0.03182343153590766, 0.04666357393036442], [0.020798761290837416, 0.015544983068174084, 0.046939621942920874, 0.01637474049511028, 0.012367046807008177, 0.055446278755508345, 0.015519081677458224, 0.014163703969153032, 0.024006369312697357, 0.014602440678437504, 99999.99999999999, 0.008167630218977253, 0.02337229447977321, 0.016302205971454597, 0.013239680572958863], [0.013056543428850506, 0.010190406807864892, 0.009143491553145044, 0.013053039613491186, 0.011438560004908475, 0.00768056563155928, 0.011919282231659162, 0.009847430687138106, 0.009115561382925902, 0.014570088967521952, 0.008149812425171234, 99999.99999999999, 0.006978032130590408, 0.01035691804379141, 0.01171265833827528], [0.012870978695378473, 0.009824375323518878, 0.018120517822937606, 0.010547663353269914, 0.011916943963116591, 0.019770126188979446, 0.014232743032552491, 0.014046764518517213, 0.023706465281285918, 0.011984737279707966, 0.022599467655884425, 0.006676053832044933, 99999.99999999999, 0.016371726053443603, 0.012892790778802982], [0.024719157158704937, 0.010963348586797978, 0.020868439623911775, 0.014884297070561844, 0.033898297484914505, 0.013642804944738858, 0.05290222084033061, 0.03769988566502128, 0.04308766947890395, 0.030588779155524645, 0.017481583116407927, 0.010178822053754883, 0.015519284641645037, 99999.99999999999, 0.03672533361024576], [0.02434447632369122, 0.010064593711356566, 0.014939450412741797, 0.013661762020994188, 0.06890841724492767, 0.011534606786563931, 0.046962142864062355, 0.0354053913944983, 0.0220125937409262, 0.038464369041094196, 0.01442589324307645, 0.01170574357388135, 0.012837195662659133, 0.04017379902711867, 99999.99999999999]], "binary_threshold": 0.02}, "global_features": {"formation_type": "wolf_pack_to_bee_swarm", "cluster_centroid": [520.0635028805128, 469.2278283638956], "cluster_radius": 94.2891338380952, "velocity_coherence": 0.06945509228608326, "connectivity_density": 0.5244444444444445}}
{"metadata": {"episode_id": 15, "frame_id": 1, "timestamp": 0.1, "transformation_progress": 0.0125, "start_formation": "wolf_pack", "target_formation": "bee_swarm", "current_formation": "wolf_pack_to_bee_swarm"}, "node_features": {"positions": [[502.06561860356595, 496.8859756619412], [540.7323425167432, 623.0064072294771], [578.6246534493719, 498.84856895252096], [507.7636690806099, 561.6021489432308], [466.94694226702705, 388.2636256002826], [634.3984860141542, 512.9363813738123], [487.5313192669604, 438.94860274058146], [498.04802409560443, 373.740953083995], [552.5914503138127, 438.9823352201658], [465.5396353421637, 453.2213942401801], [609.5483988197369, 492.1348557684903], [323.26682978375123, 534.0133794496995], [646.4795915153275, 404.5088803729968], [512.3027171900302, 414.515437367321], [470.461924262039, 411.9668157557724]], "velocities": [[13.42385286412578, -19.266859038111182], [4.248908226519724, -28.960139721273453], [-20.95605901591136, -7.113464383590582], [10.516639218831664, -27.835657899479223], [5.3790651853104965, 17.14995973940684], [-14.831309031194827, -6.043469303648774], [12.429009789832742, 6.4341556517714], [7.077374669819465, 18.760161521986163], [-24.448864488071727, 19.035311118336388], [8.525506662740215, 25.487179382065932], [-27.053431115963473, -21.538969319746407], [-11.208896791324037, 6.12341168914428], [-25.175707300080266, 15.095029939294673], [7.620130450041902, 29.514371755177873], [7.94437380738622, 24.742341889003626]], "speeds": [23.482156692095902, 29.270171058486614, 22.13047186607126, 29.756067467928425, 17.973743664887817, 16.015344167483452, 13.99566516129119, 20.05075790457838, 30.985319816454304, 26.87527816990988, 34.58056295815841, 12.772452309298442, 29.354321094644945, 30.482200185985544, 25.98646873555212], "headings": [-0.9622664737764973, -1.4251199101098635, -2.8143502264238447, -1.2095628235515017, 1.266865159988574, -2.7546542449576905, 0.4776853885395945, 1.2100496737930269, 2.480052017651975, 1.2479945466091218, -2.469195085082306, 2.6415951639668127, 2.6014767937788563, 1.3181302883614794, 1.2601102470124586]}, "edge_features": {"distance_matrix": [[0.0, 58.79865182380249, 33.34034273653086, 31.202960864719262, 54.459598580232004, 57.790103838226145, 32.39176246820094, 59.4198263944093, 36.88055459990175, 25.79461846167901, 45.59775707738241, 79.14701304236495, 72.73190009063553, 41.24352547929696, 42.53983145681926], [62.016703549431064, 0.0, 57.58514930588357, 33.4632606183779, 108.23295735596851, 67.45015014988967, 82.50252663546603, 108.47908077265346, 76.30178672091813, 78.7533288728612, 67.03273469711795, 98.48112700576358, 106.01969461446892, 90.082727328033, 93.39589729109895], [38.42425764844694, 59.118547790489096, 0.0, 48.112905466237, 71.27654455074578, 31.156527126506205, 48.75741744286713, 63.88029219895034, 29.368307757722214, 51.09852397879286, 18.035230204681614, 112.463518404566, 53.28089566464365, 52.20384373809288, 61.13415295914139], [29.460162560464266, 36.157923889225124, 47.31913661421579, 0.0, 76.07119571666763, 58.19371785891595, 59.40069107349338, 81.47210232793798, 55.46776638350689, 49.84199315841369, 53.427772276253215, 77.33305938087042, 89.26798866217769, 61.694311756590515, 65.87406689340777], [47.995712971738705, 107.84960576482644, 70.15513360329916, 78.74764103955907, 0.0, 87.0255706005173, 29.020770172974057, 21.42699559502923, 48.32117932745215, 35.531564016960616, 75.84580209342953, 88.3787667668664, 76.842384718132, 26.666233844904678, 15.617244738891873], [61.82546400358985, 62.13183266251826, 26.38086379211671, 61.05722303904915, 87.96084482137422, 0.0, 72.11363717452717, 81.83109264805248, 46.592711192094264, 74.64637503367511, 19.825571904997172, 134.5571446499096, 53.419239548752856, 72.68693403900214, 86.68189947216325], [32.86718239521908, 81.99748971705749, 51.58714151046563, 52.91963462128796, 30.094436388003707, 71.53359880528295, 0.0, 36.16706034851367, 35.21617115903075, 14.716957003370798, 56.8183365874514, 80.13812857313413, 73.5509009988571, 19.63283840484808, 20.352388433853974], [51.913424513099386, 109.69423793185263, 66.68698440415639, 84.02219997735965, 17.386414886028433, 82.00831998730585, 29.170508762057878, 0.0, 39.56317325216151, 40.02112790436223, 72.28075232222568, 100.42003264037974, 65.86248233155122, 20.08384029341506, 24.01271726676035], [35.28051172057268, 78.99191287504664, 31.031197907029775, 62.35972153841387, 42.61597562158811, 46.90011425128269, 32.23266471046083, 38.70056914604917, 0.0, 38.372352321368986, 36.166573309006004, 105.61451262724516, 46.660719934099774, 21.571653848109715, 44.75505190462065], [32.34189078135611, 79.02779349608647, 51.97683874439285, 56.78472469668096, 35.47446513923205, 78.87316440363774, 16.04372359965487, 42.272425491104585, 43.71552249345903, 0.0, 64.86145453256182, 69.23479607601831, 79.43575913229036, 27.23441344056649, 20.04924226581332], [48.989007046286225, 65.20514208323462, 21.868361405938888, 56.38238293510091, 74.36487150660486, 23.001839093059257, 59.33128583396659, 74.14351237289438, 35.23923958223482, 64.6374085575658, 0.0, 119.72984116274857, 42.293073342342616, 58.57206063025971, 72.11989458432517], [81.51345262106986, 101.58753401334602, 109.7449022915265, 77.08463139518652, 85.93476866546783, 127.89913824164945, 79.5597346230666, 102.974247720643, 103.82208481451828, 73.1541264913878, 120.37282095722566, 0.0, 145.68529486392308, 94.68678797163359, 86.09319814047758], [72.90516915867396, 105.03841546479839, 53.7692185271835, 90.39112157356506, 82.25534967806644, 49.31150692518083, 69.18436687192369, 69.30206333807381, 42.38542868022724, 84.63825370812022, 46.84699243878118, 141.66268603161592, 0.0, 56.524830814111276, 78.48927701845903], [36.55560631847002, 92.12470602225771, 45.971068247483494, 61.448515404122546, 24.149863810551455, 71.68539078337933, 22.731615440500224, 23.434841058456694, 26.261721619791047, 27.05774637593345, 58.583484726835565, 99.38891433163194, 57.276472994892494, 0.0, 26.285911961269733], [42.491188116478284, 99.14007447638114, 62.25295136286332, 69.42875765683202, 18.943956617479216, 85.30632790509777, 19.966551568034898, 23.379222275121325, 40.022172811711016, 26.08799143224513, 69.52833205423318, 85.42633841786447, 80.02430898561798, 19.172798936399914, 0.0]], "adjacency_matrix": [[0, 0, 1, 1, 0, 0, 1, 0, 1, 1, 1, 0, 0, 1, 1], [0, 0, 0, 1, 0, 0, 0, 0, 0, 0, 0, 0, 0, 0, 0], [1, 0, 0, 1, 0, 1, 1, 0, 1, 0, 1, 0, 0, 0, 0], [1, 1, 1, 0, 0, 0, 0, 0, 0, 1, 0, 0, 0, 0, 0], [1, 0, 0, 0, 0, 0, 1, 1, 1, 1, 0, 0, 0, 1, 1], [0, 0, 1, 0, 0, 0, 0, 0, 1, 0, 1, 0, 0, 0, 0], [1, 0, 0, 0, 1, 0, 0, 1, 1, 1, 0, 0, 0, 1, 1], [0, 0, 0, 0, 1, 0, 1, 0, 1, 1, 0, 0, 0, 1, 1], [1, 0, 1, 0, 1, 1, 1, 1, 0, 1, 1, 0, 1, 1, 1], [1, 0, 0, 0, 1, 0, 1, 1, 1, 0, 0, 0, 0, 1, 1], [1, 0, 1, 0, 0, 1, 0, 0, 1, 0, 0, 0, 1, 0, 0], [0, 0, 0, 0, 0, 0, 0, 0, 0, 0, 0, 0, 0, 0, 0], [0, 0, 0, 0, 0, 1, 0, 0, 1, 0, 1, 0, 0, 0, 0], [1, 0, 1, 0, 1, 0, 1, 1, 1, 1, 0, 0, 0, 0, 1], [1, 0, 0, 0, 1, 0, 1, 1, 1, 1, 0, 0, 0, 1, 0]], "physical_distances": [[0.0, 131.91466482904536, 76.58418628506509, 64.96653648927915, 114.15838278702131, 133.30267559439304, 59.732612852902726, 123.21054196517957, 76.84849540766942, 56.92752518729268, 107.58773714155186, 182.61284455221642, 171.4319786567888, 83.00423944844312, 90.60936604569156], [131.91466482904536, 0.0, 129.81138637816713, 69.69516743521355, 246.06596436123078, 144.52943309078708, 191.59233875104835, 252.89368847290473, 184.4057957783071, 185.6903170550845, 147.861464171374, 234.97022837294801, 242.74194098500345, 210.42036049365507, 222.43120476021167], [76.58418628506509, 129.81138637816713, 0.0, 94.65353087635107, 157.16532973637982, 57.525532225107334, 109.02294017618489, 148.81031129031706, 65.28164831554321, 121.94285707878947, 31.644145942790132, 257.7676899934216, 116.20787176958481, 107.28781996179637, 138.7357741312349], [64.96653648927915, 69.69516743521355, 94.65353087635107, 0.0, 178.0793330582986, 135.66404753254614, 124.31106296330712, 188.11226081023213, 130.5570706157696, 116.3153343938291, 123.23082418409963, 186.5481812098367, 209.5719498573085, 147.1567316841282, 154.2146332376777], [114.15838278702131, 246.06596436123078, 157.16532973637982, 178.0793330582986, 0.0, 208.76617430863223, 54.705424632188034, 34.32470404713201, 99.53576876722242, 64.97301146980351, 176.42110947279292, 204.66305350593308, 180.2661378316617, 52.405190009369655, 23.962393911555846], [133.30267559439304, 144.52943309078708, 57.525532225107334, 135.66404753254614, 208.76617430863223, 0.0, 164.45107495978246, 194.8507524291029, 110.27960841684475, 179.10664738818446, 32.40725692000185, 311.84474880389536, 109.09846966576718, 156.82493100232125, 192.5358394174984], [59.732612852902726, 191.59233875104835, 109.02294017618489, 124.31106296330712, 54.705424632188034, 164.45107495978246, 0.0, 66.05027368746434, 65.06013979168642, 26.21729846950626, 133.10501573470978, 189.78971066929265, 162.63655101943513, 34.793702378737464, 31.92774772400405], [123.21054196517957, 252.89368847290473, 148.81031129031706, 188.11226081023213, 34.32470404713201, 194.8507524291029, 66.05027368746434, 0.0, 85.0377756450567, 85.8716243338079, 162.63286800793898, 237.1407104194216, 151.5869240941879, 43.19438440107079, 47.14031693814779], [76.84849540766942, 184.4057957783071, 65.28164831554321, 130.5570706157696, 99.53576876722242, 110.27960841684475, 65.06013979168642, 85.0377756450567, 0.0, 88.20866902767364, 77.90561227374158, 248.2351323818051, 100.01700929029703, 47.13609134475317, 86.45864526708706], [56.92752518729268, 185.6903170550845, 121.94285707878947, 116.3153343938291, 64.97301146980351, 179.10664738818446, 26.21729846950626, 85.8716243338079, 88.20866902767364, 0.0, 149.17366204010312, 163.61202912853642, 187.38243446814042, 60.70368128337759, 41.54719213300555], [107.58773714155186, 147.861464171374, 31.644145942790132, 123.23082418409963, 176.42110947279292, 32.40725692000185, 133.10501573470978, 162.63286800793898, 77.90561227374158, 149.17366204010312, 0.0, 289.32844228562016, 95.09061235437737, 124.4246627825933, 160.53648197331933], [182.61284455221642, 234.97022837294801, 257.7676899934216, 186.5481812098367, 204.66305350593308, 311.84474880389536, 189.78971066929265, 237.1407104194216, 248.2351323818051, 163.61202912853642, 289.32844228562016, 0.0, 348.19233855336387, 223.63882688254932, 191.21129555538258], [171.4319786567888, 242.74194098500345, 116.20787176958481, 209.5719498573085, 180.2661378316617, 109.09846966576718, 162.63655101943513, 151.5869240941879, 100.01700929029703, 187.38243446814042, 95.09061235437737, 348.19233855336387, 0.0, 134.54948824349825, 176.1755941822335], [83.00423944844312, 210.42036049365507, 107.28781996179637, 147.1567316841282, 52.405190009369655, 156.82493100232125, 34.793702378737464, 43.19438440107079, 47.13609134475317, 60.70368128337759, 124.4246627825933, 223.63882688254932, 134.54948824349825, 0.0, 41.91834234511056], [90.60936604569156, 222.43120476021167, 138.7357741312349, 154.2146332376777, 23.962393911555846, 192.5358394174984, 31.92774772400405, 47.14031693814779, 86.45864526708706, 41.54719213300555, 160.53648197331933, 191.21129555538258, 176.1755941822335, 41.91834234511056, 0.0]], "communication_quality": [[99999.99999999999, 0.017007189772390133, 0.02999368386718671, 0.032048230418042827, 0.01836223259898685, 0.017303997752960557, 0.030872037057610904, 0.016829396724728916, 0.027114552362429503, 0.0387677613378157, 0.021930898464894873, 0.01263471399884151, 0.013749123304390615, 0.024246224005261878, 0.02350737486915803], [0.016124685472133887, 99999.99999999999, 0.017365585370497157, 0.02988351053321141, 0.009239329054991995, 0.014825761685039317, 0.012120839440591478, 0.009218366349472486, 0.01310585127710171, 0.012697874329041368, 0.014918082267381701, 0.010154228823957173, 0.00943220888641795, 0.011100906007757474, 0.01070710729200555], [0.026025219508391036, 0.016915162300540396, 99999.99999999999, 0.020784439901625686, 0.014029858854752074, 0.03209599307970773, 0.02050969570065561, 0.01565427785368917, 0.034050298973527564, 0.01957003307404131, 0.055447002016663936, 0.008891771529723765, 0.018768449738713503, 0.019155673928154947, 0.01635746613016266], [0.03394413247062939, 0.027656447491265387, 0.021133094562182493, 99999.99999999999, 0.013145578416681968, 0.01718398248045538, 0.016834818140660533, 0.012274138615368703, 0.01802848545948465, 0.020063399073702613, 0.01871685399235568, 0.012931078618836847, 0.011202222688831198, 0.016208947136908507, 0.015180478378742536], [0.020835189847829345, 0.00927217026141817, 0.01425412234425208, 0.012698791478842304, 99999.99999999999, 0.011490874213070814, 0.03445806742753463, 0.04667007695335583, 0.020694854864258934, 0.028143982575122076, 0.01318464358675684, 0.011314933704478522, 0.013013649609283149, 0.037500594602530704, 0.06403174032307264], [0.01617456260734751, 0.016094806739141848, 0.03790625010680374, 0.016378075949829728, 0.011368693517482768, 99999.99999999999, 0.013867000757565784, 0.012220292378325899, 0.021462579871159734, 0.01339649601985242, 0.05043988140130925, 0.007431786162555213, 0.018719843660240005, 0.013757628872984713, 0.011536432527725253], [0.030425476809070606, 0.01219549380713587, 0.019384671778148618, 0.018896574365840135, 0.03322872224021444, 0.013979442903852871, 99999.99999999999, 0.027649460969986918, 0.028396037477322052, 0.06794878318140948, 0.017599948961219063, 0.012478453053752918, 0.013596024663998231, 0.05093504413516802, 0.049134258217773986], [0.019262836477283517, 0.009116248288800415, 0.014995427653246778, 0.011901615064272371, 0.05751613724818094, 0.012193883233017804, 0.034281186706240585, 99999.99999999999, 0.025276024773496088, 0.024986795787508124, 0.013834939863279624, 0.009958171433776026, 0.015183148474946994, 0.04979124945617984, 0.04164458242876274], [0.028344252047068867, 0.012659522184082667, 0.03222562276647507, 0.0160359894972286, 0.02346537303817342, 0.02132190513274921, 0.03102441882291136, 0.025839406594567384, 99999.99999999999, 0.026060423166678875, 0.027649833313145324, 0.009468394829841631, 0.02143129782608046, 0.04635711028324911, 0.02234384128729709], [0.0309196421929679, 0.012653774440909532, 0.01923933489923007, 0.01761036668290447, 0.028189282465072373, 0.01267858188238305, 0.062329631303620736, 0.023656077261278937, 0.022875164568786296, 99999.99999999999, 0.015417474878292007, 0.014443602238186696, 0.012588787279627454, 0.03671823646945541, 0.04987717181379053], [0.02041273861557931, 0.01533621145033902, 0.045728142321948384, 0.017736033324287113, 0.01344720760311012, 0.04347476570054306, 0.016854511366116324, 0.013487354902976435, 0.02837744877814113, 0.015470914871227481, 99999.99999999999, 0.008352135998571498, 0.023644528158551843, 0.017072983578002045, 0.013865797601420343], [0.012267912168676745, 0.009843726509114399, 0.009112039721200003, 0.012972752832478559, 0.011636732130222401, 0.007818660356600851, 0.012569170561541394, 0.009711164927382937, 0.009631861135016916, 0.013669766987376398, 0.008307522486991677, 99999.99999999999, 0.006864110288501967, 0.010561134407561035, 0.011615318113924947], [0.013716446643983374, 0.009520325495883702, 0.01859799791426134, 0.011063032208930224, 0.012157262504398872, 0.020279238246052655, 0.014454130328458862, 0.014429582721453888, 0.023593008144716897, 0.01181498717233326, 0.021346082949635508, 0.007059021379748572, 99999.99999999999, 0.01769133686353262, 0.01274059222585142], [0.02735557762966075, 0.010854850285328378, 0.021752807158808396, 0.016273783519187762, 0.041408083861833034, 0.013949841795846605, 0.043991574760788174, 0.042671489462662505, 0.038078220220878055, 0.03695797929829286, 0.017069654254373564, 0.010061483276177643, 0.017459172555849365, 99999.99999999999, 0.038043177693117346], [0.0235342857892302, 0.010086737420909068, 0.016063492854117373, 0.014403251472685424, 0.05278725518220245, 0.011722458431077974, 0.05008373608007358, 0.0427730041873161, 0.02498614342712429, 0.0383317979568947, 0.01438262398404358, 0.011705990230420274, 0.012496201313249796, 0.05215719842184848, 99999.99999999999]], "binary_threshold": 0.02}, "global_features": {"formation_type": "wolf_pack_to_bee_swarm", "cluster_centroid": [519.7534401680599, 469.5717174506979], "cluster_radius": 92.19303027373836, "velocity_coherence": 0.21233602907898289, "connectivity_density": 0.5333333333333333}}
