{"metadata": {"episode_id": 1, "frame_id": 0, "timestamp": 0.0, "transformation_progress": 0.0, "start_formation": "circle", "target_formation": "v_shape", "current_formation": "circle_to_v_shape"}, "node_features": {"positions": [[620.35, 500.0], [609.7883773197491, 547.9631275564747], [580.835095556362, 588.4852001501931], [537.3520254250312, 613.4728331094726], [488.34954897080155, 619.3220128327595], [440.23464401518646, 603.3139118846179], [403.5574921562462, 571.1255039531912], [382.84968955412603, 524.200356211072], [382.84968955412603, 475.79964378892805], [403.1683383865961, 428.4142660537779], [439.9941707192782, 396.75942941771433], [487.2966710709773, 379.31692397605525], [537.0136189136967, 386.5246352084866], [579.9953643215504, 409.7173544063807], [609.5214706333953, 451.95503579848406]], "velocities": [[3.5, 0.0], [1.6292240263691498, -8.452696126212825], [5.3942279329906455, -6.9217890709418075], [2.6998610003747245, -6.53948845945806], [8.929645629199507, -0.20614611433351637], [2.346440151864589, -6.091365695147515], [6.3953148123987225, 5.912736780945207], [2.2740164218268752, -7.490466870591756], [2.274016421826873, 7.4904668705917725], [2.5037771158981883, -10.515036711253252], [-0.05829280721762009, 6.824778718469513], [-1.5991333690416871, -13.40448579751952], [-0.6842041129687266, 6.514171639050428], [-3.003084415126713, -11.052665363319889], [-1.039842837168102, 7.63432967580043]], "speeds": [3.5, 8.60827757046622, 8.775469157581604, 7.074896376112484, 8.932024814314875, 6.527673200942453, 8.709793785758007, 7.828042196243641, 7.828042196243656, 10.80901923789106, 6.825027663493216, 13.499535807867067, 6.550005145892044, 11.453380620494027, 7.704820745793954], "headings": [0.0, -1.380385321927632, -0.908798410998261, -1.1792573430128508, -0.02308148756730624, -1.2031067261744497, 0.7462099159488891, -1.2760509793895567, 1.2760509793895576, -1.3370354208368163, 1.5793374666776319, -1.6895335301698342, 1.6754457950012835, -1.8360983120611558, 1.7061694498507514]}, "edge_features": {"distance_matrix": [[0.0, 27.218058560405336, 47.3134441086342, 61.22734287796687, 77.56018964628662, 85.47163893429706, 95.38407075907057, 103.72063011492392, 99.71007805899146, 97.87069607234359, 92.60221313642339, 82.05490878089107, 62.61986393412162, 43.06290550032185, 29.789499327095395], [26.979655734017232, 0.0, 29.49541200848297, 41.39862723815698, 63.962633551793914, 77.07367791860318, 86.24154620435156, 101.29866435820881, 102.8693306385384, 100.77529695384776, 99.03957248113763, 91.2087720902368, 72.99808859264179, 59.22220629537058, 44.07461796391761], [41.81477527045833, 22.92997715954801, 0.0, 24.46337209437588, 48.50524355598555, 60.27546995595828, 76.21263625170481, 89.39355763705663, 97.33198060103018, 98.38134306313471, 105.36064845910998, 98.11294209700556, 87.75820110072553, 74.05148193650653, 60.3170652228972], [60.56410806066348, 46.546458889382535, 22.95299847880573, 0.0, 28.157725724660914, 45.9584155974037, 58.93252753631124, 76.95192595164546, 89.3521933664979, 95.31188477071149, 102.22258069683022, 98.14845746835037, 100.7403982218706, 88.41454576486369, 80.56199067060506], [80.81489967741881, 64.12914308335071, 47.99878132623274, 24.128715839324524, 0.0, 26.99705061331728, 45.49767541254295, 59.84325679991378, 79.5938741754013, 86.54193584269142, 99.33744048559711, 100.5221910847136, 99.3912117342704, 98.83877555256103, 89.49882812966452], [86.5499152044165, 76.98105795593679, 60.88714262159131, 44.532990982160634, 29.551085081653902, 0.0, 29.46440462847042, 47.53057568410697, 60.70600807996268, 74.42622912331674, 85.10881111202092, 97.7144145193825, 98.12544295698362, 99.08606653190563, 95.59882821195139], [94.21477292766374, 88.04053184503225, 76.10520310279163, 64.64818134943711, 48.06505745917396, 25.85079999624657, 0.0, 28.087536770327425, 47.28272235096384, 65.58910422081175, 77.54833201023072, 88.27603168719583, 99.70074422230553, 105.82509700310307, 105.24625475678644], [105.3144115374076, 97.40456623167725, 91.48421155288354, 81.27573399952314, 63.91983885566988, 45.72325773407087, 23.833630049750095, 0.0, 25.516150062347943, 48.42537943964293, 63.75506402286173, 77.25823212048671, 91.61979965350197, 93.94233121368755, 104.36135313568315], [104.65833629684428, 102.08509983517679, 99.44582851676803, 89.8031503484357, 81.29428117974284, 64.44918910200411, 45.165299295004694, 28.696238276530448, 0.0, 24.496836614163215, 46.55823139982574, 63.73111814357972, 76.3199005521408, 90.573338649257, 99.45440538221403], [95.58058876767637, 99.30595126786535, 103.41237238718284, 100.83302268715683, 87.00522698440287, 79.6263774657515, 65.76318265200662, 42.12835850178237, 28.28267533222996, 0.0, 24.126010525430093, 46.96538505679983, 66.023939066448, 75.91834039351018, 90.95392393178348], [86.39018368588437, 97.9788123075494, 105.6405943886012, 98.86938507589643, 98.21678556196689, 89.30280996132947, 77.934188721162, 64.15693672973201, 49.52744249599392, 26.40306000707628, 0.0, 25.741996896082167, 44.58234376101253, 61.166247786823426, 78.62380872762954], [79.83060939584142, 90.76644942931391, 99.31883798236623, 100.90898204167819, 102.19279945785252, 99.48706748706749, 88.68439897134854, 79.3588014070586, 63.10216874932557, 41.876570113974374, 29.91884850672183, 0.0, 26.495019928779254, 45.383782225187325, 66.390961641448], [65.56514830981557, 75.87288550247345, 91.51590941157303, 96.22109713396306, 99.0815237482468, 98.1887467601038, 97.2096953215883, 92.5616804425023, 76.08991928001174, 61.577882640666914, 44.94802795070248, 23.99931738282873, 0.0, 24.654036123794473, 43.851403663205566], [42.150952967199444, 62.31470173049681, 76.38188456648957, 86.11169763739817, 100.00021775158864, 100.17231677485722, 105.47079829102249, 97.0722094062555, 88.79887120003393, 74.59673684295622, 61.63361884439999, 44.992496397370935, 29.669675404543504, 0.0, 27.295562437647163], [29.234661002809215, 47.483742518278845, 65.65331711281837, 76.46843967783067, 86.81837279218016, 98.88851940535866, 98.8092003740039, 100.31333141365177, 94.97843602914624, 90.85970025849241, 75.20971295784697, 60.73413499768467, 45.90816425103581, 25.14815828234123, 0.0]], "adjacency_matrix": [[0, 1, 1, 0, 0, 0, 0, 0, 0, 0, 0, 0, 0, 1, 1], [1, 0, 1, 1, 0, 0, 0, 0, 0, 0, 0, 0, 0, 0, 1], [1, 1, 0, 1, 1, 0, 0, 0, 0, 0, 0, 0, 0, 0, 0], [0, 1, 1, 0, 1, 1, 0, 0, 0, 0, 0, 0, 0, 0, 0], [0, 0, 1, 1, 0, 1, 1, 0, 0, 0, 0, 0, 0, 0, 0], [0, 0, 0, 1, 1, 0, 1, 1, 0, 0, 0, 0, 0, 0, 0], [0, 0, 0, 0, 1, 1, 0, 1, 1, 0, 0, 0, 0, 0, 0], [0, 0, 0, 0, 0, 1, 1, 0, 1, 1, 0, 0, 0, 0, 0], [0, 0, 0, 0, 0, 0, 1, 1, 0, 1, 1, 0, 0, 0, 0], [0, 0, 0, 0, 0, 0, 0, 1, 1, 0, 1, 1, 0, 0, 0], [0, 0, 0, 0, 0, 0, 0, 0, 1, 1, 0, 1, 1, 0, 0], [0, 0, 0, 0, 0, 0, 0, 0, 0, 1, 1, 0, 1, 1, 0], [0, 0, 0, 0, 0, 0, 0, 0, 0, 0, 1, 1, 0, 1, 1], [1, 0, 0, 0, 0, 0, 0, 0, 0, 0, 0, 1, 1, 0, 1], [1, 1, 0, 0, 0, 0, 0, 0, 0, 0, 0, 0, 1, 1, 0]], "physical_distances": [[0.0, 49.11221313114132, 96.90747297711141, 140.58715317352932, 177.9378032301541, 207.64225449180307, 228.16184775237835, 238.73008755209153, 238.73008755209153, 228.67529697319384, 207.8144378278198, 179.63182673929455, 140.78924258312, 98.89111545595725, 49.250133333508536], [49.11221313114132, 0.0, 49.802920518385974, 97.66548314248942, 140.85268736747312, 178.3596865977718, 207.52752510369578, 228.17939720052914, 238.13596199283282, 238.71273693569148, 227.3601348651974, 208.43646533613943, 177.0834613188106, 141.41965003979496, 96.00846276339375], [96.90747297711141, 49.802920518385974, 0.0, 50.151362782619415, 97.49095006024694, 141.38025910743383, 178.12553921136902, 208.16042407275066, 227.8074968088585, 239.14050377491364, 237.89690471279386, 229.13054055029076, 206.66008711581662, 178.76981797951865, 139.51126797848596], [140.58715317352932, 97.66548314248942, 50.151362782619415, 0.0, 49.35033537963693, 97.64727058324809, 140.33628689431134, 178.4391967061651, 206.94172814407563, 228.5868218159913, 237.57788451910568, 239.44629519290356, 226.9484502028424, 208.17000133008963, 176.9079638396097], [177.9378032301541, 140.85268736747312, 97.49095006024694, 49.35033537963693, 0.0, 50.708020813809746, 97.53254004188078, 142.0505188142322, 178.12605298746178, 209.04929183524757, 227.75501342940143, 240.00739827969142, 237.82937314836724, 228.76421989756716, 206.62608644843814], [207.64225449180307, 178.3596865977718, 141.38025910743383, 97.64727058324809, 50.708020813809746, 0.0, 48.79863803062231, 97.73427080512363, 139.831761651198, 178.78421945100567, 206.55462244785625, 228.88749415970452, 237.41053149379601, 238.7732941682928, 227.08487187948285], [228.16184775237835, 207.52752510369578, 178.12553921136902, 140.33628689431134, 97.53254004188078, 48.79863803062231, 0.0, 51.29115498044569, 97.54912969711741, 142.7117684826286, 178.13242123099658, 209.29114037187222, 227.7894170289752, 239.1294910176195, 237.9553758803268], [238.73008755209153, 228.17939720052914, 208.16042407275066, 178.4391967061651, 142.0505188142322, 97.73427080512363, 51.29115498044569, 0.0, 48.4007124221439, 97.91742724356324, 139.66632217390264, 178.60677726273477, 206.6908833721614, 227.97538196418486, 237.90645779206093], [238.73008755209153, 238.13596199283282, 227.8074968088585, 206.94172814407563, 178.12605298746178, 139.831761651198, 97.54912969711741, 48.4007124221439, 0.0, 51.55794326270298, 97.53382600658016, 142.1903202418181, 178.14753512923104, 207.92615528004595, 227.92249048276508], [228.67529697319384, 238.71273693569148, 239.14050377491364, 228.5868218159913, 209.04929183524757, 178.78421945100567, 142.7117684826286, 97.91742724356324, 51.55794326270298, 0.0, 48.56099885145166, 97.40700877940378, 140.24728265365093, 177.81274309270293, 207.69155743129832], [207.8144378278198, 227.3601348651974, 237.89690471279386, 237.57788451910568, 227.75501342940143, 206.55462244785625, 178.13242123099658, 139.66632217390264, 97.53382600658016, 48.56099885145166, 0.0, 50.41594525152534, 97.5577999980253, 140.59958047616215, 178.2864559631827], [179.63182673929455, 208.43646533613943, 229.13054055029076, 239.44629519290356, 240.00739827969142, 228.88749415970452, 209.29114037187222, 178.60677726273477, 142.1903202418181, 97.40700877940378, 50.41594525152534, 0.0, 50.23669977223625, 97.55631143453967, 142.1801565521748], [140.78924258312, 177.0834613188106, 206.66008711581662, 226.9484502028424, 237.82937314836724, 237.41053149379601, 227.7894170289752, 206.6908833721614, 178.14753512923104, 140.24728265365093, 97.5577999980253, 50.23669977223625, 0.0, 48.839867547915325, 97.66537709123607], [98.89111545595725, 141.41965003979496, 178.76981797951865, 208.17000133008963, 228.76421989756716, 238.7732941682928, 239.1294910176195, 227.97538196418486, 207.92615528004595, 177.81274309270293, 140.59958047616215, 97.55631143453967, 48.839867547915325, 0.0, 51.53457755060387], [49.250133333508536, 96.00846276339375, 139.51126797848596, 176.9079638396097, 206.62608644843814, 227.08487187948285, 237.9553758803268, 237.90645779206093, 227.92249048276508, 207.69155743129832, 178.2864559631827, 142.1801565521748, 97.66537709123607, 51.53457755060387, 0.0]], "communication_quality": [[99999.99999999999, 0.036740299840919644, 0.021135637184804705, 0.016332569562383572, 0.012893210751912723, 0.011699785981299018, 0.010483929729593843, 0.009641282572995943, 0.010029075487410765, 0.010217561925637124, 0.010798876810190405, 0.012186959841740527, 0.015969371018728595, 0.02322183689565854, 0.03356886442874164], [0.03706495142892571, 99999.99999999999, 0.03390356644879999, 0.024155384493630222, 0.015634125553148026, 0.012974596480397964, 0.011595338071480001, 0.009871797497209442, 0.009721069405060087, 0.009923065780965289, 0.01009697309851294, 0.010963856517792954, 0.013698986950062832, 0.016885555160794787, 0.022688790494582636], [0.02391498589630421, 0.04361101439097848, 99999.99999999999, 0.040877422269012406, 0.02061632352556994, 0.016590494189854213, 0.01312118197152393, 0.01118648719849801, 0.01027411433614937, 0.010164527818175721, 0.009491208717038301, 0.010192334229340964, 0.011394945127724153, 0.013504116849629757, 0.0165790532167645], [0.01651142676590055, 0.021483906810987, 0.04356727358521985, 99999.99999999999, 0.03551421924612308, 0.021758795846489837, 0.016968554924074848, 0.012995124653242944, 0.011191665815987524, 0.010491869901502485, 0.009782573432968263, 0.010188646097020993, 0.009926503353029905, 0.01131035485445943, 0.0124127999761167], [0.012373954311049842, 0.015593531988489976, 0.020833857944532675, 0.04144437657666198, 99999.99999999999, 0.03704106955653956, 0.021979140058063628, 0.016710317692774097, 0.012563779370237753, 0.011555090312132742, 0.010066696851103396, 0.009948051168888201, 0.01006125070756824, 0.010117485705732539, 0.011173329407374156], [0.011554025005084253, 0.012990206898303751, 0.016423825995196695, 0.022455257403393665, 0.033839693494838584, 99999.99999999999, 0.033939245446055304, 0.02103908432027537, 0.01647283138687812, 0.013436121612205894, 0.011749663394864699, 0.010233903591190278, 0.010191035759482114, 0.010092235306925296, 0.010460378166760858], [0.010614045576773024, 0.011358403515509777, 0.013139704354409313, 0.015468336841703569, 0.02080513047962309, 0.03868350740828608, 99999.99999999999, 0.03560296697241041, 0.021149369976703882, 0.015246432458798094, 0.012895182206062806, 0.011328101950283153, 0.010030014394577921, 0.00944955340296209, 0.009501524850415353], [0.009495375708300318, 0.010266458093524222, 0.010930846686189903, 0.012303793860144388, 0.015644592687601405, 0.021870702807508354, 0.0419575019977062, 99999.99999999999, 0.03919084993809927, 0.020650324376769193, 0.01568502609912135, 0.012943602812505983, 0.010914670132822931, 0.010644827317272548, 0.009582090248283475], [0.009554899684385254, 0.009795747897167046, 0.010055724954557905, 0.011135465568472272, 0.012300986766573629, 0.015516096614595541, 0.02214088679141627, 0.0348477609464322, 99999.99999999999, 0.040821580660991494, 0.021478474485587908, 0.01569091947889424, 0.01310274072342908, 0.01104077540372803, 0.01005485775726389], [0.01046237429868646, 0.010069888929453345, 0.00967002187664465, 0.009917384941724268, 0.011493561016094543, 0.012558650867215531, 0.015206074396229714, 0.0237369742898468, 0.0353573215645275, 99999.99999999999, 0.0414490238431965, 0.02129227272102369, 0.015146019196664189, 0.01317204595221927, 0.010994576669438089], [0.01157538786909091, 0.010206287200116189, 0.009466057164170311, 0.010114353377325275, 0.010181557994010102, 0.011197854675059835, 0.01283133741552748, 0.015586776662122135, 0.020190822455099747, 0.03787438353691409, 99999.99999999999, 0.03884701002672002, 0.022430399376412117, 0.016348883129080723, 0.012718792042704301], [0.012526521873035755, 0.011017285529119585, 0.010068582351836653, 0.009909919619323642, 0.009785424290663336, 0.010051556697200115, 0.011275939159983261, 0.01260099517961095, 0.015847313354623083, 0.023879695936925283, 0.03342373505912104, 99999.99999999999, 0.037742927737318265, 0.022034297950205558, 0.015062288972070084], [0.015252003133656628, 0.013179937227615098, 0.010927060629776515, 0.010392730137762374, 0.010092698025253314, 0.010184465441834798, 0.010287038693223158, 0.010803605630141148, 0.013142343664428829, 0.016239594392023507, 0.02224791215796264, 0.04166783443753885, 99999.99999999999, 0.040561293467966116, 0.022804281925329822], [0.023724250399170442, 0.016047574837943127, 0.01309210783099274, 0.011612822779114204, 0.009999977224893007, 0.009982796967944596, 0.0094812964478354, 0.010301608494340846, 0.011261403144791174, 0.013405410320442476, 0.016224908686207587, 0.02222592338306437, 0.03370443556664284, 99999.99999999999, 0.03663597831788863], [0.03420596044689226, 0.021059835142874406, 0.015231520533325061, 0.01307728879313104, 0.011518297943809099, 0.010112396311414973, 0.01012051403118078, 0.009968763734789804, 0.010528704583070645, 0.011005978306061488, 0.013296153218919221, 0.016465202565017132, 0.021782613147100647, 0.039764327515741535, 99999.99999999999]], "binary_threshold": 0.02}, "global_features": {"formation_type": "circle_to_v_shape", "cluster_centroid": [500.21041310647473, 499.75801562317395], "cluster_radius": 119.9035632676741, "velocity_coherence": 0.34202194599775626, "connectivity_density": 0.5066666666666667}}
{"metadata": {"episode_id": 1, "frame_id": 1, "timestamp": 0.1, "transformation_progress": 0.0125, "start_formation": "circle", "target_formation": "v_shape", "current_formation": "circle_to_v_shape"}, "node_features": {"positions": [[621.1126966035715, 499.59094464263865], [610.4504178835857, 546.1110587181685], [581.2694505278388, 586.8884375901943], [538.6661086926673, 611.0565699269093], [489.77129015827836, 618.3693267303157], [442.0200560182867, 601.793218520139], [405.24524783232096, 571.2125032830293], [384.4312368113724, 523.2159847299438], [384.40403104513393, 476.5173621640013], [403.86338945074556, 426.8871245471654], [441.0327123608615, 397.8924554081748], [486.9981103020733, 376.9860845253233], [535.7821535481704, 387.8354348122163], [579.6568050205394, 408.81956158671085], [608.5018143012339, 452.643739526327]], "velocities": [[7.626966035715027, -4.090553573613627], [6.620405638366002, -18.52068838306205], [4.343549714767329, -15.967625599988581], [13.140832676361136, -24.16263182563292], [14.21741187476793, -9.526861024437059], [17.854120031002527, -15.20693364478901], [16.877556760747154, 0.8699932983797067], [15.815472572463774, -9.843714811281771], [15.543414910079026, 7.177183750732741], [6.9505106414949545, -15.271415066125128], [10.3854164158333, 11.330259904604759], [-2.985607689039898, -23.3083945073193], [-12.314653655263468, 13.107996037297411], [-3.385593010109784, -8.97792819669859], [-10.196563321613883, 6.887037278429739]], "speeds": [8.654665761804658, 19.668392638927003, 16.547854586805688, 27.504804310687422, 17.1142011614837, 23.45251442720933, 16.89996480917838, 18.62868470870131, 17.120447238861754, 16.778728089441348, 15.369829655404578, 23.49883205143793, 17.985278834727545, 9.595073461687504, 12.304518927863962], "headings": [-0.49228572437857393, -1.227491130000181, -1.305200592618, -1.0726875310378257, -0.5903647588105275, -0.7054989893341058, 0.05150176505715486, -0.5567349725496066, 0.4325827836755234, -1.1436827794490287, 0.8288804811543976, -1.6981941126660347, 2.3249984890998636, -1.9314084089146764, 2.547549491142486]}, "edge_features": {"distance_matrix": [[0.0, 28.37343376776098, 48.57176569068224, 59.30539458033494, 76.51229453859605, 90.7243353775216, 100.1063548807109, 103.3643509631994, 103.01085090707915, 101.28173645151504, 87.60732980490646, 76.12559941971244, 60.17763481893684, 49.91230723339862, 25.3101978942174], [22.683158919188376, 0.0, 23.33049930319251, 48.31325322571927, 61.75842283019716, 74.91680612847343, 87.26836364442443, 93.3365216284783, 103.84640721720068, 99.2655028936421, 93.85332412960885, 94.06216130412035, 75.59901875007345, 66.29650208105446, 47.36087422310623], [45.93581788395027, 29.813082847684512, 0.0, 23.97497577885552, 44.590394318329295, 63.09648918578816, 76.64311581808245, 91.75387615316735, 96.91595654499105, 102.29488090110947, 101.71264545274204, 97.64998814323127, 87.91357450193227, 76.68228911124594, 63.15810106994421], [65.72782755508852, 45.392707711206, 29.2247609016583, 0.0, 27.547330917370548, 47.423200875292636, 59.13767371723319, 79.00473102856208, 88.38210353259048, 99.76476120330955, 100.99063207211796, 99.82069415947663, 95.2212200489985, 87.89153630370656, 71.77354034752564], [75.48142857641079, 61.00448770816925, 47.021265965585116, 27.891566913132802, 0.0, 23.520685570780408, 48.10203617237509, 61.14241775860265, 73.87175724977284, 86.64501747664762, 100.14633704824777, 99.25230128637173, 98.36469263250792, 99.59105287997104, 88.32228446475864], [86.31298440735289, 73.55901051087204, 58.65558865550893, 44.25223732493841, 27.23772475321002, 0.0, 26.934447928349904, 48.91814632267039, 63.30974565453841, 74.6705116984152, 84.84621853013736, 101.61324011966636, 98.88710425146651, 104.0663654700028, 95.24527689642072], [100.22611930283986, 91.06969592250857, 79.9003535581082, 64.60300469148999, 42.46839406884291, 23.792014659567446, 0.0, 27.174876376657064, 41.096777726078514, 61.41086789874087, 73.52636408795529, 87.15997007090765, 92.77519802059892, 100.32907422808681, 102.55806466021629], [101.48315423863012, 95.97908020326253, 87.44618742105389, 77.83358389263593, 66.41257256224706, 44.02706087898137, 28.7801403476088, 0.0, 28.02604994435233, 49.03758413015238, 63.29828628767087, 81.27534356782972, 84.0093934292916, 98.61974544622572, 100.34083611972092], [102.48380569771149, 100.9046811840136, 99.3229888472117, 85.66969054492125, 78.9483731729741, 64.94637279591, 46.13537466629938, 27.431622123981544, 0.0, 25.694833966844772, 47.948835350667025, 61.62874672273497, 80.42514769836593, 88.75380071213044, 95.68454040311619], [99.69601623523286, 101.79896803471215, 103.09501566288148, 98.39105417855748, 91.61031564438788, 74.3691156237942, 63.254172127697636, 44.04694641294743, 26.450572036883756, 0.0, 25.160031293650274, 46.22048737460155, 64.88010449740871, 77.86263584045, 86.98022159021419], [89.6700553263408, 92.97629047629414, 102.24924472119788, 101.5954567073266, 95.5716104477489, 89.36871801128413, 73.77353022307805, 60.44120020151169, 47.31806609057137, 22.81201810330143, 0.0, 29.242058485638207, 41.32008836510191, 60.588868028855785, 80.4794410452691], [78.21491250116257, 93.10895589194948, 96.94585782464446, 101.95784220867012, 105.01294693884309, 98.29277413839816, 92.15708994003839, 75.67636017224034, 60.73625431081693, 48.951363544824886, 25.47737885125064, 0.0, 23.386658026358504, 46.915276981318854, 60.902297506360206], [60.529937899142396, 74.9548088367293, 91.68665290792084, 94.18673919351008, 99.47141167767565, 97.85010547565844, 94.78136390105755, 88.2281915638249, 78.66486404898932, 58.54130695463769, 42.86232452078252, 23.06605647862379, 0.0, 24.37453896644257, 48.12965551983628], [47.69974236848515, 60.431694116233544, 77.51903040958003, 88.19265039081388, 93.86800764380457, 100.50619929004642, 104.9175997068753, 93.91202310744215, 88.44414163838033, 79.18055835259203, 61.91043992086462, 44.80959264605691, 29.313931213617384, 0.0, 25.815824718281743], [22.606002140344568, 39.88890588797151, 63.758703682569504, 72.38907201074413, 87.31384867817759, 92.02669131767755, 99.20539970978857, 99.67565760511351, 97.44027835816651, 88.81308819009503, 79.09125841297553, 65.98581787850732, 44.75806750167405, 30.39264405101495, 0.0]], "adjacency_matrix": [[0, 1, 1, 0, 0, 0, 0, 0, 0, 0, 0, 0, 0, 1, 1], [1, 0, 1, 1, 0, 0, 0, 0, 0, 0, 0, 0, 0, 0, 1], [1, 1, 0, 1, 1, 0, 0, 0, 0, 0, 0, 0, 0, 0, 0], [0, 1, 1, 0, 1, 1, 0, 0, 0, 0, 0, 0, 0, 0, 0], [0, 0, 1, 1, 0, 1, 1, 0, 0, 0, 0, 0, 0, 0, 0], [0, 0, 0, 1, 1, 0, 1, 1, 0, 0, 0, 0, 0, 0, 0], [0, 0, 0, 0, 1, 1, 0, 1, 1, 0, 0, 0, 0, 0, 0], [0, 0, 0, 0, 0, 1, 1, 0, 1, 1, 0, 0, 0, 0, 0], [0, 0, 0, 0, 0, 0, 1, 1, 0, 1, 1, 0, 0, 0, 0], [0, 0, 0, 0, 0, 0, 0, 1, 1, 0, 1, 1, 0, 0, 0], [0, 0, 0, 0, 0, 0, 0, 0, 1, 1, 0, 1, 1, 0, 0], [0, 0, 0, 0, 0, 0, 0, 0, 0, 1, 1, 0, 1, 1, 0], [0, 0, 0, 0, 0, 0, 0, 0, 0, 0, 1, 1, 0, 1, 1], [1, 0, 0, 0, 0, 0, 0, 0, 0, 0, 0, 1, 1, 0, 1], [1, 1, 0, 0, 0, 0, 0, 0, 0, 0, 0, 0, 1, 1, 0]], "physical_distances": [[0.0, 47.72635750927331, 95.96007780728355, 138.6435194236063, 177.0843558827089, 206.20251864984968, 227.43878978988477, 237.85763794440814, 237.83057532381056, 229.0919180478828, 206.8124354032587, 181.71041242374767, 140.60794983068092, 99.78995404763992, 48.61146388123329], [47.72635750927331, 0.0, 50.143030258351, 96.8034424603901, 140.65812868318827, 177.39585597833945, 206.7347197134803, 227.17582315352186, 236.51691610282865, 238.52158559745234, 225.10245070134124, 209.38894226518002, 175.00435086500525, 140.70252939359762, 93.48762919675912], [95.96007780728355, 50.143030258351, 0.0, 48.98105099086222, 96.76238800312039, 140.0448012810419, 176.7208387570501, 206.88031233621558, 225.69396907944997, 238.90025257915207, 235.34192999263766, 230.10015951783208, 204.18421119529845, 178.0761781560806, 136.9789786607617], [138.6435194236063, 96.8034424603901, 48.98105099086222, 0.0, 49.438645729596914, 97.08897556790093, 139.24322518326647, 177.4946875598952, 204.68900074406673, 228.23268330039602, 234.4594203648888, 239.7051818251423, 223.23976428756484, 206.34932693817382, 173.12322378401473], [177.0843558827089, 140.65812868318827, 96.76238800312039, 49.438645729596914, 0.0, 50.546490731679796, 96.79058750171987, 141.95310962768212, 176.70381757149286, 209.87043897815664, 225.79968944556754, 241.3991717962365, 235.08057102361576, 228.01427554825096, 203.867377521191], [206.20251864984968, 177.39585597833945, 140.0448012810419, 97.08897556790093, 50.546490731679796, 0.0, 47.82851305997052, 97.4210129682794, 137.88997976455943, 179.01975564844565, 203.90315359292316, 229.26245410471878, 233.60065098883965, 237.02891584397366, 223.5212359600475], [227.43878978988477, 206.7347197134803, 176.7208387570501, 139.24322518326647, 96.79058750171987, 47.82851305997052, 0.0, 52.31528312067943, 96.96146692745083, 144.3319939578099, 176.9762176472404, 210.73071030450686, 225.09338727474378, 238.30832715959187, 235.31209818350672], [237.85763794440814, 227.17582315352186, 206.88031233621558, 177.4946875598952, 141.95310962768212, 97.4210129682794, 52.31528312067943, 0.0, 46.69863049073353, 98.26931291259324, 137.51259591776935, 178.61452139036936, 203.06401279669294, 226.27320678895617, 234.92140279191133], [237.83057532381056, 236.51691610282865, 225.69396907944997, 204.68900074406673, 176.70381757149286, 137.88997976455943, 96.96146692745083, 46.69863049073353, 0.0, 53.30879022695641, 96.89521923150106, 142.94061818449916, 175.4417858190334, 206.65584421470732, 225.36584993770475], [229.0919180478828, 238.52158559745234, 238.90025257915207, 228.23268330039602, 209.87043897815664, 179.01975564844565, 144.3319939578099, 98.26931291259324, 53.30879022695641, 0.0, 47.14074038531859, 96.96130984206886, 137.57759553120107, 176.71944372089968, 206.25297122823164], [206.8124354032587, 225.10245070134124, 235.34192999263766, 234.4594203648888, 225.79968944556754, 203.90315359292316, 176.9762176472404, 137.51259591776935, 96.89521923150106, 47.14074038531859, 0.0, 50.49647662347639, 95.28168905185738, 139.0540927666495, 176.1919499219572], [181.71041242374767, 209.38894226518002, 230.10015951783208, 239.7051818251423, 241.3991717962365, 229.26245410471878, 210.73071030450686, 178.61452139036936, 142.94061818449916, 96.96130984206886, 50.49647662347639, 0.0, 49.97590696610495, 97.97450672878014, 143.1336118658596], [140.60794983068092, 175.00435086500525, 204.18421119529845, 223.23976428756484, 235.08057102361576, 233.60065098883965, 225.09338727474378, 203.06401279669294, 175.4417858190334, 137.57759553120107, 95.28168905185738, 49.97590696610495, 0.0, 48.63454141153086, 97.40772772197117], [99.78995404763992, 140.70252939359762, 178.0761781560806, 206.34932693817382, 228.01427554825096, 237.02891584397366, 238.30832715959187, 226.27320678895617, 206.65584421470732, 176.71944372089968, 139.0540927666495, 97.97450672878014, 48.63454141153086, 0.0, 52.46516113085418], [48.61146388123329, 93.48762919675912, 136.9789786607617, 173.12322378401473, 203.867377521191, 223.5212359600475, 235.31209818350672, 234.92140279191133, 225.36584993770475, 206.25297122823164, 176.1919499219572, 143.1336118658596, 97.40772772197117, 52.46516113085418, 0.0]], "communication_quality": [[99999.99999999999, 0.03524422372501146, 0.020588088159845364, 0.01686186962345738, 0.013069793231695923, 0.011022399730070314, 0.009989374813395967, 0.009674514413686821, 0.009707714227357531, 0.009873447437823493, 0.0114145687133853, 0.013136183836461396, 0.016617466552717557, 0.020035134720831075, 0.03950975053936515], [0.04408555098992672, 99999.99999999999, 0.04286233047913624, 0.020698249988372882, 0.016192120722193, 0.0133481379972838, 0.01145890496452365, 0.010713918575638243, 0.009629605207355812, 0.010073992173610675, 0.010654922483830225, 0.01063126638621615, 0.0132276831664855, 0.015083749787279832, 0.02111447065238964], [0.02176949988854766, 0.033542309920980465, 99999.99999999999, 0.04171013944383397, 0.022426349688624392, 0.01584873983349681, 0.0130474845503244, 0.010898720936251917, 0.010318217272649007, 0.009775659284555278, 0.009831618253882107, 0.010240655596666964, 0.011374806358601164, 0.013040819218908158, 0.01583327910001225], [0.0152142537651854, 0.022029965387005947, 0.03421754796179624, 99999.99999999999, 0.03630114438266632, 0.02108672064887528, 0.0169096917082769, 0.012657468235209787, 0.011314506522083281, 0.010023578342720907, 0.009901907537986485, 0.010017961788792525, 0.01050185971642484, 0.01137765851273717, 0.013932709126941977], [0.013248290160602697, 0.016392233975661235, 0.02126696861080291, 0.03585311806193174, 99999.99999999999, 0.042515749459479966, 0.020789136420859743, 0.016355255043978875, 0.013536971392857465, 0.01154134321521818, 0.009985386681335738, 0.010075332121130254, 0.010166248392332518, 0.010041061628242868, 0.011322169629537972], [0.011585741021572197, 0.013594525770666015, 0.0170486709354569, 0.022597722385874142, 0.03671377260482897, 99999.99999999999, 0.037127162635318844, 0.02044230762508449, 0.015795353964982713, 0.013392165706821677, 0.011786027703574358, 0.009841236244508812, 0.010112541027914259, 0.009609251744222135, 0.0104992071795374], [0.009977438088808499, 0.01098059985886967, 0.012515587607717727, 0.015479153794532251, 0.02354691733597904, 0.042030891204455426, 99999.99999999999, 0.03679868192048778, 0.02433280203468157, 0.01628376004734665, 0.013600561871904069, 0.011473155445727105, 0.010778741663160374, 0.00996719951840299, 0.009750573061293183], [0.009853851202831774, 0.010418936019108128, 0.011435603027825153, 0.012847922728319666, 0.015057387642811839, 0.02271329843288308, 0.03474617011801278, 99999.99999999999, 0.03568107689720099, 0.020392517572250083, 0.015798213516763773, 0.012303852965283418, 0.011903429368376272, 0.010139956193110505, 0.009966031169468688], [0.009757638249434642, 0.009910342009534149, 0.010068161569892762, 0.011672738361862792, 0.012666503857451048, 0.01539731632387347, 0.021675336777466435, 0.03645426548009772, 99999.99999999999, 0.03891831377884005, 0.020855559559080993, 0.016226191362239472, 0.01243392028835671, 0.011267121850615083, 0.010451007981821825], [0.01003049005825467, 0.009823281326645665, 0.009699789039967635, 0.010163524587814464, 0.01091580008002363, 0.013446440194263259, 0.015809231364041644, 0.022703044238172466, 0.03780635142945285, 99999.99999999999, 0.039745562748832744, 0.021635422741026283, 0.015413043083330866, 0.012843128938221817, 0.011496865226931705], [0.011151993659875783, 0.010755429016612321, 0.00978002238477621, 0.009842958868241358, 0.01046335716936726, 0.011189596431021544, 0.013554995422155124, 0.016545002932039057, 0.02113357267708652, 0.04383652323553278, 99999.99999999999, 0.0341973072284929, 0.024201297663041844, 0.016504679283279425, 0.012425532070758128], [0.012785284035602492, 0.010740104246893622, 0.010315034796622775, 0.009807974357417502, 0.009522634436266516, 0.010173686794668268, 0.010851035901201813, 0.013214164444251063, 0.016464628033138733, 0.020428435967875296, 0.0392504901439659, 99999.99999999999, 0.04275940458353991, 0.02131501402513404, 0.01641973910258765], [0.01652074774070916, 0.013341370381779653, 0.010906711710123867, 0.01061720474018552, 0.010053138711944536, 0.01021971200686793, 0.010550596165064053, 0.011334244405702784, 0.012712154085154198, 0.01708195257675663, 0.023330507103273463, 0.04335372920765396, 99999.99999999999, 0.04102640017572184, 0.020777206514927007], [0.020964469422711136, 0.016547605509793555, 0.012900056485689123, 0.011338812045907616, 0.010653255763796365, 0.009949634028223513, 0.009531288434742805, 0.010648262708314787, 0.011306570095088685, 0.012629361228464387, 0.01615236202092253, 0.02231664511508442, 0.03411346132929624, 99999.99999999999, 0.03873591580177882], [0.04423601977171891, 0.025069620914454322, 0.01568413072099637, 0.0138142378964217, 0.01145293559509048, 0.010866411440175227, 0.010080095459767355, 0.010032538773271265, 0.010262695409154027, 0.011259600446091925, 0.012643620719021649, 0.015154769321697282, 0.022342335860216465, 0.032902687548164465, 99999.99999999999]], "binary_threshold": 0.02}, "global_features": {"formation_type": "circle_to_v_shape", "cluster_centroid": [500.880368037112, 499.0546537807505], "cluster_radius": 119.14802277380099, "velocity_coherence": 0.5058171586920323, "connectivity_density": 0.5244444444444445}}
